85 89
10000001001110011111011100010001001111110100100100101010101001100111110000000010001101001
10001000010110110010000101101111001010100110001110110111111010001000000000111000111100010
10100011000001001101101001000001100010001101100100101010000001000111000000010010011111000
11100011100100110011110111100111101110111100000111110010110011100110010101110000011110010
11011000000111011001100011011010100110010101101100001011100101110011001011010100011110110
00101011100111000110110001010001111011000000011110000110010010011010001110001010100110100
01010111101110001100001010011011000000110111110111010001011100000111111111011011000111011
10101100101000111111011000001100000000100011100011110000101000000001110100010111110101011
01000101110010001110111101010100100011110111111100100001111001001101000110100110110100101
00010101100100110110110010010110101001100111000111100011011100100111011010010010101001001
00111100010110101101000110100110001011000011011110110110100001001011101111010111101111111
10100000110011011110111010100111100011111111101000010001110111101101010001110111111110010
00000100010011101000010111000010011101011010100000111010111010001010010101101110101101100
00000011110000101001000001101100100010100110001111111110101101111111010110111011001101110
00010110100100110100111101000011000010001001000111101001100010111000100100101100001000001
10000100001000000010100010110100001100101010111010100011010100010010001000100100101011000
01110000111100100100110000010100100101110011011001110101100111011111010000011101000111111
11000110000000100100110100000101011011101010100101100111100011101001001011101011101001000
01001001100100000010111001011011010101010111111101100101110010111011111011001010001100111
10000100100010100001100000101100111110110010100010000110000110110111011110010101010101100
01001011010000001100000111110001000000000010011110100010010000000110101101001011100110110
00010110011001100011111101000111111100011100111100001100000001000010001101000110110110011
11011100111010011001001011001010111101100110101010011001100000100100001100100011101000111
11010110100010011010110001010111011001011001110011001010101101001101001101100011100100001
11001010100111000001101011011001001100100110101101110000000010110000101100000110001101101
01110101000001111100011101001000010100000010010100101111010001110010111110000110110011010
01000001011000111100111010101110010011111010001010011001111010010110111101111100010001100
10001110001001100010001001110111011010100101001101010010000000110011000011111011100110010
01000001010001110011010010101000001100110010101010101011010100001110100001100110010001110
00010001010111100111010010101000110010011011001010001100100010111011010000100101010011110
10100000000000010110110110000001010010100001100011000000011011111101010000000101000011011
01101010000011000101000000011110011010100111100110110001000001010101110000011011100011000
10011111011100010111100100010000110101011010110101001110010011111110101011101110111011110
01110000011110011001110100011000010001010000110110101010111101100000100001111111001101101
01111101010111110001111100111000100000110001001110101110010110101111110000000101111101100
11010111100101010000101111110011100001111100000000100110000011111011101100100111111101101
00011011011111111001101011101011101000110100001111000001000000000011010111111011100011110
10100110001010000010010101101000000011010100101110000100111100001010011101010010011000111
11110100111011100111000100011100110001100001001000011100110001001101100001001101001001101
01111110010111000111101011111000100000111011000100101110001111101000011110101011001111110
01011100010010001110111110110000111111001001001110100100111111000010010010010001110001100
01000101110100001001110111000110100101010010011000001111010011011011111100100010111010100
11111000010100100001101100001011011001101011011010101110101011111100011100000100001110011
10100100110101001011101001000111011011110001001100011100111101010000110100111110100101001
11001011010110110011111010100010111111111001100111010111001011000000001110111110100101000
10111001000110001111001100010011100100100100100111111011011100011101100101010110001010111
00111010111110000000101110000100101000111011000010000011011100110000010001001110101010100
10001111111111000111111010110001001011000011000100000010100000001111110100110110110000001
11111010110110011001011101101000101110011111011101001100000001010111101100110010111001001
11011111100011110110010011110101001000001101010110010010100111100010011011111010011000011
01100010010111101001100000110010000001000010011111111110101100111110011010000111000101111
10010101111110001111001011010011000010111111100100101000101110000100111010101110010111101
11001001011110101111010101110001100110101010001111111010110100000100100000011001101000001
00100000001001101000111110010011110111000100010001101101110000111010110011111001011100010
10100000110001100001001111011011100101011111001110100000111001111100100101011100110000011
00101000011110110011001001011111000001101100011101110110100000111010001111010100100110101
10100101000110011010000001111110011111011011110101010001010101011100111000110100000100111
10010010101101000010111101101101100101111011000110101101010001101110001001010101011110001
10001101000011001101110010100110111100011001010011100011111100100111011111111010111110100
11010000010101010010011001010001000111100111110001011010010000110100110110001011101111111
00010011101110110110100000011111011000011011011011010110010100010110011101011110110100011
01011010100000100000101101011111111001101011001110100001010111011100101110110011001011011
11011101000001011110110110111110110100010001011100001010100011111100100111010001010101010
01101100011000011111001000001010110100000001101010001101100110000100101110011110101000001
00001100011100000101101100100110001000001111100111001000111001001010111111101011101111010
00000101111001111100011011001010011010110010110000110011000100010100000110001100100010111
11011101101101101111011000101000110101001000100101000011000000000000111010100101010110000
11001000000001100001010101111011000111001011101001011100100001010111111011110011100001100
10010000001000100001011000110101001000101000011010100110011101000101111110000010100011100
10001111001010101110110100000100010101100000100110111010100101110000101101010000010101000
10000010001010110011101100101000101101001001111111100001001100000010010101101100011010011
10101011100010001101110110110010100001010100011101101101101111011000010100101001111010100
11010000010111011011101110111011110110011111111101010011001011011010101110011111001001000
00110111010100000001101000111101101100111110011010111010111001101010111000010010110011101
11100110100101010101000100101101111001011000110110011000011010010111101000111110111100010
10000011111001101010111001111110000001110011011111010110101101010001001111010101110010110
11001101100100110001001111100011101001000010000011100101010010101111101101100111011001111
01011010111111001111001100000001100111100101110100001110010011001001011110111011001001100
01001011011001001110101101100001100011000111111110101011101000000000000100001000101110110
10010111111010011110010001000100011101011111100100011101011001111011010001001110011011101
11100110010111000001100111101100111111100000111101101110101110110011001001010111101111101
01101001011100001101110001100110111100100110011101110100001010101001001100111111111100111
01111010100010100001101111110111011010100011011011110110001110101111100001011101110111101
11010100101101011110110101000110111000100011111100110111100100010111101010110000100100101
00100010111100111110010010000011000111101010011100011011100010010010110110101110111010000
