79 53
11001111001011001010101011011100010111000100110110010
01111010011110111011100000000110010011010011111010101
11011111111110101000110101100100100101001001000110111
01011100001000111010001101100111011100101110010110101
00111111111110000101110111001100000001110011101000101
00100001101011010110100010100100011100001100111010100
10100101001000111100011011010100000011000001001001000
11111111110111111010110100010000011000011010110010101
10011100101000000110001000001010010110110001000110010
01110001110100101010110101100001010010111001100010110
01010111000001101101101001101101000101101101111011001
01110001110100010111011111010000111111110010000000001
00101010011111100001011000011101001111011001001111010
10001101001111111001011010001111111000010111000100000
00100001011011100100101101001001001001011110001111001
01000011000100110100011111010100111111010010000000101
01010111111110010000000100001000011011110011001000110
00000100001010000001011111001000101011011111101011111
00100001000100110010101100010011011010101011100100001
11011100101011000001010010011110000010101000000010001
10010110101111011010001100111110010111001011001000100
10010000011011010010000100010101000011101011010100111
10111000011000100100111111000001000001000000001011000
00000001010000001100001000100011001101111011110110111
01110010010110000111111010011001001011010001111100011
10111000001011111101001011110100110010101101011000101
11001110011101010010101110011010010100111100001111001
10111111010001111001101110101110101101011001100010100
11111100110111011010100100101011001010111100011001101
11000001110010101110011010000110000100011101110000010
00110110011000001011110001111011010001101001100000011
01001111100011001001011010010110111001100000101111001
10000111001110010011010011100110010100011101011010101
11011011101000010101110101000011101100010000011001001
11001001000000001100100000001111100010111011100100001
11110100101011100000100100000011110111000110111001000
01011011011011100111110101001010001000101100110000001
11100010000001111001000100001001010001100111000001110
00101111100101110100101110101001111111111000110110110
00111001111111001101010011110000000011110111100110011
00100001001011001101000001010100010111010110101011010
11011100000000010000001001001101101001110011001110010
11011000011110101101111000111000011001100011101111011
00001000100101011100000011111111100100101111000100100
10010000010101001101100100001001100011111000110100111
01110000101111001100010011100010011110011011010101100
11100010111101000111111101100101001000101000111011111
11110001110100101010110111000010111011110011000010111
01011011101110101011010010000001000100010000110100000
00011101010101111100110110011111111000111110000101000
00010010001100111000000100001100010110101010111100001
10000011101000011000110110001110101000000000111100001
00110010110001001100010010101011100010111001111010010
00100000011011010111110001010100011010010001010111000
01110101011101000111101010100101001001000010000011011
11111010000011111010111100000110000101111010000001011
10110110001000010111100000010100111011000111111110111
01000011000001100100110110110111001100001111000001101
11011010101011010000011100011011110011000100011110101
11000111001111000111001010100100011011000101100100011
01011101011111111001000011010111001000101101001111111
00001010010110010000100011001011111001001011111101000
11000011111101100101001110001000010001110011110111111
10100101100000110111001001101010010011010000110000010
01000111000010000101100101111011011010101011101001101
10110011100111000111101001110100011000000011001010010
10001111101001000100110100011011001101001011100100001
00001111000100101110011010011010110101011011010111111
10101010100110011110000000110111011010100100001100000
01101001111110101111100110111110100101001101100100111
00111110110100101111010101111101100101101000010000100
01101100000000111101101101110110100010111011110110100
00000011011000101010100100111111100001000101101011001
00000100011000110100000001001110110000100100101001010
11100101110111110111110010110101010000011001110110111
11001001110110010000111011111111110110101111100111111
00100101000100110111101001100000101001011110001111101
01100010100010010001011010101101111001101100000111010
01001100011010010111000100001000101010101111011111110
