23 59
11010011101011111111000110100001010010100110011001010111101
10100000100011110100001101101001111100011110110000100110100
00011000000010000101111010110101100100101101100001110111110
11000000100111000100101001111110001000111101110001011000010
01100010011000100101000110101000111110011110001101100111101
00101111011010000000111100101100011011011101111110011001100
11010010000100100011110001110100010101000110011001010001111
11110101110110011000011110111010000101011000110001010101100
01000001001001100001111001011010111111111100010110010111011
01000011011111011101010000010001100100101111001011000100010
10110001111000100101011110100000101011001111010101110110011
10110100011101111111100001010010010000101001000011000001000
00100100101110000010100011001110111010000010001110111101011
00000000001111111101010011101111110011111111100100010100110
00101001011011000101101000100111000101011000110010011001110
10010110011011111111000101111111100010000101000110001010100
00101001110011010110011001100011110001100110110100100001000
00110110001110110010011110101110100010110011011100010011000
01000000110000100110001011011001101001100101100100100001010
11111111010100111001100000111000010001011100100011001110101
10111000111000100100100010001000001000111000111110010000010
01010101110000101000110010110101100110110011001011011101001
10111001010011111111010100111101111000010101110010010110111
