71 45
000001001110000001011101011111101111110110101
110000100001100011001110000101100010111010010
110101110100011100001111011000000010011010110
000010110001010010100101001110011101001011010
011110101010101100101011110000100000010100010
000110010001100001000000001101110001011101101
010111110100100110111110110101011010111000000
110001001011101000100111111000110110110111100
101001110011100101110010101001111000101111000
110001101010111101010101011000100010111011100
011110001010111100110111000101011001010100100
100000101010100011011000101001110010111000100
001011001010001001100010001110110101110101110
100110001000111111111100011000111110101110110
111010101111001010111111000100001001010010000
110100010000000111010100001111101100010101100
010110111001000000001110010101010001011110000
001010010011100011001111001101111111101101110
011001001101110011000111010101001110001010101
001110011001011011100001100011100111011111011
111100000000010111010010001000011010000111101
111000100101010001011001101010110101100001010
100101111110001100011101111110011100001010100
000101110100011001110100011010001100111110001
111001001110100001110010100111010011101010100
001010011010011000010111100111010101100101110
111100110111001001011100110000100001110111101
010001001110101110001100000110010111011101110
001100011010011011111100011111101111101101001
010001111000011000011000100011000011110100100
001111110100100011110000110111111001100110111
000111101101000001101111111010100010110111001
101010001000111001001110000110011111111111101
111110111110110101011000011000000100011000101
011001011101011011110010100100010101111101000
101111110000110011001111011010011011100110000
000000011110101101011100011001001010101000001
100110101110011010010010110110011011000101011
111100100110100010011010011000101001100100111
100010100010111101001110110111111101010000011
101100000100010110100110101010110100011011010
010000110101101110010000001101001010011000011
000110101011100101011011001100000111010001011
000001101110101011110011001110000110001100111
110100111100110010010000101110001100101001011
011001000100100101011111000010110101011100101
111001011010110001000100110000100110000000110
100010100100111000100011100010110010011101011
111100111011011001010101010011100010000101011
010010100100100100111011000100100101010110011
010011111011101100110010110100011011001101000
000110010000110111001001110100101000001111010
111010010100000110000000001100001001011101010
010110000100111000100101110010111010001101000
111000110010100001101000001111111101101011001
010111010010000000001110010001111110110000100
010011011111101110100110000111100100110011101
110111001000110000110001101110101011010000001
101101000000001011011001100010100010101000111
100111100001111110110010011101000100001010010
010011100100001111011100000001111010111011000
111110011010010011110100011010010101001111111
111111110011100101011111100111100110011100110
110001010011110000101100001111011110000001011
011101100111111111111110001110111001100000110
000001100000110000111011000010000101010010100
010111100010010001100100000100011000011001011
111010011001101110101101011001110000000001010
011000111110100101110111011111110010101001100
010000110111110010100011111010011111110111010
110101011110101101100100101101111001111110000
