79 82
0010110001101100011100010000100110011010101101101100010101001111110000100011111101
0111111101101010101101101011111100011101010110110101100001100000111011101111000100
1101100001111111011110101100100110101000001011100000000000011101010001100011010101
0011000101111010000000101001000111100000000101100010111101011111011010000110010001
1001100001101100110110011100011100101110011000011101011110010010100010110010100111
1110110010110000101110011001010110110110001111100101110111101110111111001100110001
1010111110111000000111101001110101100100101011001100000001000010010101100110010011
1101000011110001001101110111000011011100110101001100110001101011000011111010001010
0011001101111011000011001011100110110111100010100010010011100101101110110100010100
0011111010001110100000001001101011110000011011011001100010110010111110001100010101
0101000100110000000010000001100010000100000011111010000001001100010011010011111110
1000000001101010111011100101000111111010010010010000101110000100101100101101101111
1011010110011110010100011000000010111010010010111011011110000001111110110010011010
0001100010011111110001111101111010010111101110100010011011101000001110010010001000
1101111011010001100111001101100010100010001111101111101011110101110000010011110101
0100101011101100101111001111100101011110101001110011000000111000110000100100010001
0001110101100000001110001000011110100000101010010111011010111000110011101111001000
0101101001001110110011001100011000100000001110110010000010001100100111011101010110
1101110100001000100110011011101000100100111010000101111100111111011111010100000011
0001001100010001101100001101100001000101100011110110000001000000000110011111110010
1011111011000101010101010101110001101110001100111000110110111101000000011111001100
1100111001011011000110101111000001110010101000101111010100001100110110111011111101
1000001010001011011001011000101111001001110111101110001001101110101100101100011001
1100011101111111101001000110010000101110101000001010110000010111010110000011001110
0000001001000101011100010010100011100101010100110001110000111011001011111001000001
0101100101011010000001010010100000111000001100010011101011011011100000101100000111
0110101111100000110101011100000000100101010000111001101100001110100001111100101000
0001000100101100101011001001000011100101010101110110101111111001011111010001000000
0001010001110000011000111110011010101011010100101111100001001001011011100101011000
0111111010100100001011110010100010011000101110100111011111111011111001100001001111
0011001111000110101100001110011000000110000010101001001001101001110011100100110100
1110010110110011011011111001100001011101100101011111000110100011100000000001011011
1000110110000110100000110111110101000001110011010111011011000001011010000100111011
0001100111010100111010100101111000111101111100000000110110010101000100001111101101
1100101110111110101000110010110111100011000111010011000110000000001101000000001100
0101110111100111111011000110011101110111000010111011110110001100101100111101100101
1101001110011001001111100111010010111111111011000110001101001110100110000011111101
1110011101001111011110110001100111110101011101101001110010010100110111001111101111
0010001111110001000011110111000001101110010101001101101010110000110111000010010111
1000100100110001011010011111011101001110101010100100010111111101001110101101000000
0100011011100101011001100101101010001101011010010001010101111000101100011001100000
0111101011110011100001111000001111101100000101000110101000110001101010101000010001
0110011110100101101010101011100101110001000011111011101110011100010000111011110011
0000010100100100110011111101101001010011001011001010111100110010011010001001001000
1100001001101010010011110011100001000111011110101110000100011110011101101110111001
0000001110000100011010101001111001011011110001101111000000110001011100001010011001
0110101110110000101100011010010001001011100010110101110111010001011101011111001011
1100011101010001101001101111001010101000101011011000100000000001000011000011011111
1111111111101001101000101001100001000010000101110101111111100100000000110010111011
1111101110011101101000001011011010111111011100111001101110110011011001011000101111
1001011001000100100000111111011001001011010001011110101111010100110100101001011101
1001111110011011010011100101011011110000011100100010111011101000110110101111001110
0010000110111010010001111010010000010110111110010001101001101000110011001110000001
0010011001111100100100011000111100000000000110011010010100100011110010001000110011
1100001011001110000110011000001001000101101001010010100100111111110000010010101100
1000010100011010110111110001111001001001000101010000010001001001000010110000000010
0111011010101110011100111000011010010010011001010110011100011011010011100100010110
1011011010110111111111001111011111001010011010000001101011101100100100001100111011
0100010010010111010100101101010010000100001001000010110110111011011000101001100000
0110111001001111111100000001010101001000110011010000010010010001011000101000011010
0011101111101111111101111010000011101101010111011011111100000101001000100100011010
1000011110101110001010100010011010001111000010110010000001011110011101011010110100
1101010111100101010010101010101101001101110000100110111101011011010010100100010001
1110011100110101010010111111101010001111101101111101011010000110000000000000011011
0100100011001000101011111001100110100101101000010111100000111110000010100111010100
0111110011000100000100101001101011101011011011000001000111100101110001001100110110
0100000000011001010001000011010000101111101001000011111110010010011111101011100001
1010100010101111101111101011001011101101100111100001000010000110101110111110111010
0001001100011000110110011010110110110000110000011101111111010011010110001110011011
1010010111110001101010111000011110111111001010110110001110001001101010001100001100
0111111110011010100000110110101000000001010000101100110101000111000100101001000111
1010001101010110111111000011001011001101011111100001110101011011010011011110001101
1000110010011101111001011001111110110101110000011100110000101001110001110101101110
1111000101111101110001100111101101100001111100010100011010101101001100011000001100
0010011111101111000101011110101001101101101100110100001111011000011001100000010001
0100000110011101110111010100000101110110011111111000011010100000111101010000001110
1110011100001100110000001010101111110010001010000010100110110010101100101011000110
0110101011010110110010010100010001111010010101110010110110110011001001100111101100
0010010001001001100111000011010010111001000100100111011100001111000110100010111011
