22 33
101100011011010001101011010101100
101010001110010000101101111001011
100100011110010000101100011010000
110101101101000010100110011110010
001010100100101111111100110111110
011000010010001101011110011100000
011111100000001001011111000000111
110111010000100101101110011100011
010010010001011111000010011000100
011111010010000111101010001010110
111010101111000111010011001110101
111001011111111010111101000100110
000110111010100111000011111000100
101011100010011010110010100111101
110011010110000111001010001111001
010100100010100011011100000010110
111010000101110010111000100010101
001010010100101101111100011110110
011001010011111111100000001101100
111001000010101101100100100001001
001110101110110000111001111011100
110000000011100101011110000000001
