89 28
0100000100010010010101011110
1000101000111110010001000011
0001000100111111011110100110
0001010110001100011110011000
1001001111111110100011000111
0100010110100000100101101111
0101010111001011110111100011
0011101110010110010010101011
1010000101000110100111100110
1010101100110001011000101111
1101101101100101110010110011
0001101011110000110000101000
0011111101011011011111110100
1100101001110110111001111111
1010011011100101000110010001
0011100100110000010011100110
1111000101001000001011100011
0110000011010010100010010100
1100011011000001110001010010
1010101110011000010110111111
1111111000101101101100000110
0111100100010011010001001011
1010111110100011000001011100
1001010010110101001011110011
1011000010011110011001110101
1011000000000111101100100101
1001101000101101111000011111
0111111100110100100100111101
1011001000101101101101000110
1110100010011001010001001000
1011001101001000010111111101
1111001000011101101010100111
0010000110110100110110010010
1000000110010011100011001100
1110100101001110011101100011
1100010011110110001101101101
1000101001001111011101100111
1010000011100010011101011100
0110110000001000010100001011
1010101101111000110111111100
0101001110100010110000011010
0101111111010001001010111111
1000111011010011110100011010
0100100000000011111010100111
1100110110110110010110010010
0011011100000101010110110011
0001011011001101001011001010
1001001111111110000110011101
1110110110101010111011011001
1110110101011110001111011111
1110000000111001110010011011
0111100000100010110111101110
0101001010110101101000101001
0100001111000110001010000111
0101111100111100010110001011
0000000101101001101101001000
1100100001110001101101100100
1011110000011000100101001011
1101000011000011010011011010
0110101101110111001001100100
1010111101111101100010001010
0100001010111100000011001010
0010101111011000001000011101
1100100010110001111111101001
0010001010000001110001111110
0100101000001001000111100100
1000011110000110111100100011
1000000101101010101010001011
0101101000101000001011000010
0101000001111110110110110101
1111001100011011110001110001
0100000010010001110100100101
0011000010110001101101000010
1101110011100110001010110101
0010100010111101100000011010
0110001110111101010010101001
0001011001100100110010111100
0110111011101000100001011110
1010000011000110111101111111
0011100000100100111111001010
0010011110101110000110010010
1110000111000010010010110110
0011110111000010000101011000
1000111001110110110011110001
0101110001100110111100001110
0010110001011011100011111011
0101100010111001010011100010
1010000001010011100001001100
0101110111100110111010101111
