99 46
1110001000110100101110001011001011111000110000
0111001001101001001001101100101001001111101100
1110001111110010110100000010100110011101100001
0001011101011100101100110010010111011010010001
0010100011110101011101011011011110010100000100
1011000100001101101110001100100001100111111011
1110100110111011000000100011110111100000011010
0000111100100001110000101101000010011001101001
1100010011101000101110010101101111011011010110
0101000011100000010001001100100011000110100010
0101000110010010111000111100101100010110000010
1010111011111001100100010010100111111010100011
1001101011011111111100100111000111010000000110
1110000101010101100101100011001101100011011111
0001100101010000111101000010110000111101000000
1100011101111000000011111000110001001000001010
0010000110000101101100001100110101001011010010
1010110000100010100101010001111001000001111100
1001011011101000100001000010000110001000000010
1111010000001011101000011010010111000100110011
0100010010100001011010001011111001101101110011
1111011011100111101010001011010101000000110011
1011010001100110000100100000110011000000110000
1111010010101110001011011010001010101100111110
1110110011101000001111101101010101111000110100
1101010010110011010110000100010010110001100001
0101000011111100011101010010111001100101101101
1111100100000101010010111010010100110000111100
1000011010001110001011000000010111110011010011
1000110110110000101100111001111100111101111011
0100100011010000000011101100011000111011100010
1000000010010010010110100101010100111101100011
1111111101110011001111101111011000000111111000
1001000010000010001110001010000000001010010010
1000110111111000001100100110100001000011100010
0000011111100011010000101101101100011100001100
0111011001101010111111001001010011001110100000
0001011110100101011000011111100111101101011010
1011010101010011110111101101110010001001010101
0100000000010001001100011100100001100101111011
0010011011010000100001010011011001010000111110
0011000000001011010001111111101010111000101101
1100001111011111010100111000101110010101011101
1000101110101000110111000100010111001100101010
1000111011000100011010100110010100011000111000
0100011011001111101011111100111001101000111000
1001000110100111110111000001010111101111101001
0111001001010011111101010111111011000101101100
1010101011111000011111010101101101100111011100
0011010010110010111100010001011010000010100111
1001100010101011010000111101011001001101110000
1011110011101001111111001110101101110100101011
1110010010011011100110100000010010100001001110
1101001000000001111010001010001110010011011010
0110010001001011111010011110111010101111001110
0111001111011010011101011101111110111101101111
0111101010010011101011111011110100111110100100
0100010111001100101000101011011001000110111010
1000100001110011001100000100000010101101011110
1000010000001111010000101111111111011010000010
0000110010010110011001010101000110010001001001
1111110100001001011011101000011000111100111100
1000111101001011000011001010101100010010111100
1101101011011111010110101101110101010111001001
0000000011111110100010000010011100111110001111
1101101000000110001010100000110110000000100001
1101101011000011111011000000111010011000000100
1111100100001010101011110011001011110110011110
0000000100110100010110101100011011001010110101
1001001010010100010100101101010101110100001100
0011111111001001111101000100110100010110111001
1010110000000101110010101011000111111110010110
1101000100100010100100000110001001101101001011
1100100110000000100100001101010001001011010111
1101011011100100110110110001011001001101000110
1110010110011100100100000001100011100111110110
0101010110011000010101000110101000010100100001
1101110011101001100110010110110000101000111101
1011100110001001110111101100010000000011100000
0110100111001010010001000110010010000100011101
0010110110010011100101100011010100001110001011
1101101111100010000001001101001111110110100111
1110110001011111010001011001000010001001101111
1111001111001000110101001111101010110000011001
1010101010110111100001010111100010100100111000
0100010100011001100010001111110111001111010100
1110101000000100001011110110011011100011111111
1101100011000111101100011110011001111110011000
0110010101011011001001000100100111100101010011
0010111100111010110110101101100100100011110111
0111011001011111101101001001101000110111100110
0000101010000011011101001000011101011111101000
1000010100011111101111111111110111110101001011
1100000111100111010101101101001001011111111001
1111001101000111000100011000101001100110000110
0101011010000010011101101010010110001111110101
1110100101000001000011001110111011100011111110
1001010010001111101001111101110110111010101010
1000001101110000000110000001011111010001001010
