96 76
1110101100111111011101100110011101110011011101101000001001101100010010101110
1101110000011110001010111011111100011101100011010011100011010101010001100110
0111010100000101011000111001000000100010000101010001011110110101010110101110
0110010001011101100110111000010010011100110100111111100111111100101011010000
0010101011101011001101110001111001101011001111000111001011000101100101001010
0110010100110110111101110011010010010101101010110001001000100101000000101110
1101011010000111011111100111101010010101110111010001001011010001011110111000
0011101011110001010111101111010001110010111101010100010000010111000001000001
1110000100111011110010000111011101110110001101100101000110000100100011011001
0111011010000110000000010010101101101001110000111001001110111001100001101011
0111101010111101101100111101101011000010110011111101111101111000100001110011
1100110001100001001111110101111100011101100010001001111010111010000011011101
1000111111100110100011111011011100100001110100111000101000011001000111110111
1001100101111001110101011000001000110010100111101011110100111011001010001010
1000101011010101101111011010010100101110101110110100000111010011001101011010
0011100101101000010000101101001001100001101101111011001001110100010011001001
0100001001010001111101011001000000111110111010011110100011000110001100011001
0101101110111011101001111110011010000110001100100000111000010011000101010110
1100001101000100001000100001111110001100101101000000001111101100010001001111
0011011101010101111110000101011011100010001100011111010100000010100001001000
1010111110000111101101010110100110011100011000011111000001111000000101010010
0110010100110100010001011010100100000110000101110010010110111011011001001000
0110010000010001100111011000000010001111110010110111110001001100011110100111
0011111000101001011110100001000110000111011010010011001100000011000011001000
0000000011111101011000100001011101001100000111110011101010111000001110110101
1100000100100101100111010010111111011000110101100110100101001111100111101000
1011100101000100100010100101111100001001011000111110111010000011000001111011
1000010011101101000110000101110101001011101001111111001010000101100111110001
1000010110101100001010001001110101000110111010010000001001011001110111101111
1010001100010010001011001011111010001001110111010001110101111110101011010100
0000101100001111110010111000000011101010000110000001100101111011110110001111
0100110111101100111011000110101011010001000101000111111010010000000011110100
0111101111010000100111101010101010010000011110010011100001001110011110001111
1111000111110001001001100001110000001010100011110101010011101000100100101101
0101010011110000101100010000100111000001000100111001110001001111111111001001
1000000011000110101000101010011011011101011010101010000001000100111111010100
1100101111101010101101001010110110000011100001100101101001010100011100001110
0110100101001110101011101001001011000100111001101001111110111011011000111010
1111011110101001110110011100000001011110100000001111111011100011110000111011
0100011110111111110010000010010000101111000010110001011111000001010011111001
0111110101001011001101001010111100110110001010100010010100110001101111011110
1010010011101100111010101101010001000001000111001001000111110011110000100111
1101100001111011011100011100100110101001111000101011110001011000011011111011
0100000011011100111001010000101101100000111110100111011001110010110001111010
1011011000000000001011111100100101000111001111010010101011101111010011110000
0100111111110000001000111011110101001001100101011101100010001010111000010110
1100001100101101111010111110100100001010101111000000111111001001011101111100
0000000110110001001001100001001000000010100100101000001011101110101001110000
0101101111111010111000111110100110010000010110001101001011110101100000000101
0000001011101001110101110011011001010001100100101100001110100101011110000100
0100001011100001111100011111111100001100101000010111100110001011101010111010
0011100010110110101110000010111110010010100110101000011011101001100101110101
1100011010100000101010110100111100100010000001100001001101111101101001110110
1101011010011011000110000011000111001101000100000011010011010101010011110111
0001110111110010111101000111101000001100000011001100010000101001001001111000
0100000100100100101000110000000110010101110010100111101111001101010110011101
0110100001101010010110011110100101000110110100111111011110110001110011000001
1011101101000001100110010010101100110010111011111111111110111110100110110011
1000111111100101110000101000111110011010101100101110000100000000101111111101
0001000011000100100110110001110001110101100010100001010000001100000100010001
1101111111111111001001011101111101011000011010101111000101001111000000110000
0110001110111111001000100110000011010110110110101011011001110110110101011000
0001111011101110010011111101111011001000100100101111100110000011000000101101
1000110010110001110011010110101111011000010100010001100100011101000111100110
0000000100010110011011001100100111101101110011000010111111111001100001011001
0000110100100101101011100100010111100000100101000101001010011000000110101110
1000000001000011000110111011001101111100111010000101111010001000111111110101
0110001111101000010011010101100011101011011110000110001110011011011010011101
1110100101101000011000111010110111001101011111010011010010000011100100001111
0011010001110110110011001011010011001000111101100010110000001100011010100111
1101010000101110110011011010100001101111100101000011001011000110010110000011
0001001000111111011100100111110101001000111001010110110011001100000010101010
0011100101001001000001100101111100100011010101101111101010111010110001010100
0001000011010010001001011001101101001111100011000101000010100111111111100111
1101011111101111011101011000100000101110110111010110111010101111100111110011
0100011000100000111001110101101001110111011101110000101110100111010010110011
0101010100000101101100010111101011000001100001000011010000101101001111010000
0111010001010001110010101111110101100001011110001000010111110111000011101110
0101001001100001010101011100001000111000111110000111111000101111011110110100
1100010101011011000110011010000010111001000101110100010100001110110011011110
0000101110000101101010011010011010000000110110011010001101001001100100111100
1100001011001001100100001001000110011101000010110010110001110001110010010000
0111101101100000010110000001101111001010110010101011110101001000111100111101
0110110101111001100011101110001011010100000000111011011100100011001111010011
1101101001111010011101101011111110111100011000111011010010101101101000011000
1110010100110000100111001010011010111110010100000100101010011100011011000101
0000001110100000101101100011101010111100000110111010100011010100111110110011
0001110010110011010100101000010101011001011001001010000100101000110001100001
0101010111000110011011010001111011011001101011101000001111100011111010010010
1011000000001000111000111100101010100001010001000011100101101010101110100110
0101110100000010111110001000110111011000011110000001010011111000010010011111
1001010101001111011110010011010110001010100100110110110110110110100011001101
0111111011000000011110011111001100111100000111010001100100100101000011111011
0101000000111010001100000011001110110101001111101111011010011010011101001100
0100011010101010011110001000001100011001100110010110001110100110001010100111
1101100001000011100111010111011000001111011010110011100100000100101010100000
