75 94
1100010010000010110100100100010101010011000110101110100010001111011011111110011010000000001111
1101110000001000100110101110011001010101011101000100000110110010011000100010000110000111101101
1001011100010011001010011101010011011000111011001001000000001000111000111100110100101101101001
0001110000101011010000000110101010010011101101111111111100001100000000000011101111010000111100
0011100111011101000101011101111100010001110100011010101011111110100000011101001001100111001111
1101001000100011001110001001110100110100010101000010110000011110100111110010100111111101101110
1100001110100011000101001011100010011010101001010001001011011100101000010110101001000010011001
1100011110011101111000111110010011110000001100100000000001010011100110110000000010000001101010
0101010010101110001010111001110000110111110001101011010001010001001000100001110001100001000111
0110101110110100100001111000001100001000101000011111111010010110100010100010010001100100100100
1111111010100000110111001110001001010101011101101001101010001111001011101010000001111101000011
0110110101111100010011111110001101010010010111111010111000011100001001111111101111000111011001
0001100100100001010010100001110101100110101100010110011011111001111100110100001011000001111101
0110011001101110001011100111011110011000111000000010111010111111101010001111001010100101110100
1100111011101011100100011111100000101111110110000101101001111111000010111101010000001010011100
1101101011000000100100101010110001011110000101101111011100110011100001111001100101011000100001
0111001110010000110100010001110010100011110011011001100001110111010011100000010110011110001010
1101101010101001110100110011011110000100001010000110000111100111111011100111111101011001010101
1001101111000100111010000110010001101110100000111111100011010010101011010001101101100001010011
1000111000000111111100100111000000011110100010101010101011010110110000011110101101111000101000
0111011100011100000111110111010011110110100111110011001010111100000011010011001001000011000001
0001001111110100101001110100111110001011011010111111010011101111001111100110111010100011010010
1011011101010100110101000111101001100100000010001111010101110000001000001000010000101100000110
0110111000110000000001001001100011100100100101101110111111001111111101100101101111100100000111
1111010010111111100000101100001010111000111010110110001100000000011101100001010000100010100011
0010010111100001001111110001011111111011001111101001001100010010111110011010111111001010000111
1000010010111100000111100111110110110010100011011111111000000001100001001101111011100111110000
1111101000001101111111011101110011111011101111111101011101110001001010011000001011011111001010
1001001100111100001010011100100101110000100001111001010010100111110101011001010111011011000110
1001011110000111101111111111100011111001100111100011101011111010010111101001110010111010000010
0101001101000100100001011001101000110000100011010010000000011100001110110011100100001001010100
1011011001101010000101011101011111000111010011110000011010101110011011011010100110000110101011
0010101111010110001100111010000011000110000110110111110100001011000101110111001000010010010000
0111100110111101101010100000100001000111100101111110010000110001101010010000011110111001110000
0000000101001011000101010001000100111011001001111010110110011001100011010100010111011101100110
1100101000011111111101111001100101111100110011000001101001101100011111010011100010010010111111
1111011100000101110010010001011111110010110110110010001101011110111000110011110110000001101001
0010010011000000101001000111111110101110101000000110001111000000010100011111100000011011010000
1000001101001111011100010000000110000100010100010110101111101110100101001011011100010000010010
0111011001111010010111010110100110111010000010110100000100100000001101100011001110001111011000
0111101110011010001110000011011101001100011101001100100101000011111100011001110001100101110111
1011110010000010101011110011011011010101100101000010110110110001011011000001000001100010111000
1011100100100100011100010010111111011111100001011100100101100111110001001110000110110000001100
1011000110010001100011110111001100011100001001010001010101110111000001010011001111101110100000
0001101110100010110101001001101010011111011110010010010010011000011110011000111101001001100111
0100100111001101001000010000010000100110000111101110011000110001101000101010011010101011111110
0100111011000111110111000110101100101001100001001001000001001111110101011110000001011011100000
1000110011111110111000101010111110011001110110001010111010111100011001101110011110110010100010
0111001011110010011101100000010111110011100010010011110011010110001001001111111111010011110010
1110111101011001100010100110101001010111110110110111001110100010010000110000100110011100000010
1010111011000000110000000001111101110111110000011111010111011100111001000000011100100100011001
0111001101010001101111100010101100101101011101001111101101100001011011110010000110101011101110
0110100111111011101011100111011001111101011100011001011000000010101011100000000110111001000011
1100100010010101110011000101111001100011011000001010100010101011101100010110000110101010001101
0001111110011000101111010101010000001010010000010001000001001000100100000001010000011001000101
0010000010110101111000111001010001110010111101001100001011100011010010011011010101000011000110
1011101110111100101110001111000010111001001010101101011101010000000001110011111110001010011001
0101011111111100011110110011110101001100001100001100101101110101111001001000110010010011001000
1101001011011000100011100111011010101010000100110010111011111010111111000101100111111001101110
1011000111110001110100101001110000101011001100001010111011011111111111011100110011001110100111
0111001110100010101100110111100101100000011011000000011011001011101110010110011100110100110100
1111001101100100101111100001011001110010101100111011010111000000011111000110110001101100101010
1100010101101101010101111010001111001100001010100110000000110110011001111111011111110011100010
0101110001100100010100011000010011010000101111010001110001110110001000011011100111100001101000
0011000110101011000000100100000001110001110010110101000111101111110100110111001010100100001001
1101110001011010011001010010000001000101011001001011111100010011001110111100000010001000000111
0111011001101010000111111001111001011011010110110000111011011101001010110101011100001011110001
1111101111101010010010010000010111000001011100101010110011010011101100101000110110011001011101
1110111100100110101101001000011011000001100010101101000001000110011101101110110110100011001011
1001100110111101010101010001111011000101010011001000010011111001101011000000110011011010101011
0110111010001101100000110110001011111010001101100110111111010101110100001001011111111101101101
0011000101110001011111000001010001001011111001000000000000101011010111011010101101100111000001
1111111000110000010111100110101011001100001001001001010001100100110100101111110011110001001000
0110000011100111100101110011010101110001101101001111010011111110010100011000111001001001000110
1010111110100001101001001111101111111101110111100100100111100100111000101110010010110101010011
