91 92
10111110011100001010101000010000110000000101110001000111111010100001000110100101110010111000
10101010001110101000110010111001101000110011110110001100010111100110110101000000000110010011
00000001110110001110100101100011011000100000001000111111001111111110110100111001010110100100
11011010101001010111011101110101000110000000100010001010010111001001011100010101110101011100
00100111000001001110101000111001101110011010001101001010011001110010100110000100101001101111
10000101010101101111000110001011001010110111110111011000101011110001110011000101010011111010
11100001100100100001010000101101011010011110001110010101001001011101000101110100100000110100
01001000000111100010101101100001010100010000001001001001111001111000000100011000100100110101
10010010000101011111000111011011000010110010101101000111111010010100001110100110000100000001
10100100010001001100011100011110000111001100000101001001101001000101011011111011111000011001
10011001100011011101010010011110011111100010011010000101001101010100011101010100111101111111
10101101100100110001010010100100001010101100000100101011111000110000010111001111011110011111
01100000110010000101010111011010111000100101100100100000001111011111011011110110001001111010
11011010011011100101000010001110101010000110000110111011000111010000011011100100110001101010
01100111000001100000011110110001110100101000111010011011010001010101001011011101100000011100
11101100011100110010111010101001001011001000000110111100101001011101001101111000101010001000
10011011000010100000010011111110101101100000111100001110110110010110100001110001101110100110
00010001110010100011100011111111001001101010101000010101001101110110100000000001010000111100
00100001101111110011010111100000111111010111001100011111000001010011111101010010110001101010
00000100110110101010100111110111101111111010111001001010010111101001110010011101010101111000
10101010100010010100000100001011101010010101011010001000000101111100100010011111100110011100
00100101101001000101011110100000101100101000001001100010000100111101001111101101000000111010
11010101111010000001000110101100101011000111111101100001101011110000001011100111110010111000
10010011000101011000100010100111000100001110110101010100000110100100000110001100011011110001
01100101111010011111011101001101101111011101110110011100100100110101011010011110010101100111
01110011101111100000101101011010110110111000100110011111011011110000001110000100001110001010
10010011010100110100100010100011001011110011001100101100010001101110100000100111000111011011
00010000110101011101101001001101011100000110110110110000101010001000111010011100101101001100
01011000101101111101101000100001111100010011100111110000000000110000001100011010100010101100
00010011101010000110010100101001000000010010111100110111011111100100010001000000010100000011
00101110100010000010110001010110010111011001011011110101001011010010001011110000011011110000
00000000000111110110110101010010101101110011010000100001001111110111111110111001011101111011
01001101100100011010000010011010111110000010001100011011111001100010111111010010100000000010
00110011000101110010111111001010110100100011010011111110000000101110001001010011101010011101
00001111001101010010011010101000100010000111010101011101111111111111100111010011011001110110
10101101110100110110110101110011001111000000011110001111110101000010111110011111001001100101
10100011111000001010000010100001010000001010111001100100111100110001000111101000000101100001
11011011101010101000101111110111000011110011001000110011100010010010011001101110101110000001
11100001101011011110111110110101111000111110000110101011111010100001101010001111011110001011
10010001000010111001010011111011001001101101110100110001101111100010000101101011101010110110
00000110111000001100111100100011100011010010011101001100110111100010011110101111011100110011
00100001011011001111011110110100101100100101111111011000011110110110001010011000001111000010
00001110100100000010010100001011010011010100101011000001100001011010001011110101101100101010
01111001000010010110111111011011010110010011010110000100111001010000110001111000111010010001
00000000010101110010101000101000110101001101111111100110100010001001100000010101001010111110
11101111000101000100010110100001101100110010100001111000000011111000101111101110100000110001
11011000100110111000111011010100101101010010000111000101100000011001011011101101000011110001
10101000110000011100010001001111101000101101100011101000010010001101000110101010011100001001
01010011111011111010101111101101010011111011010111010001101100011110000011110000110000101001
01000111011011111010110010001000110110101011011000010101110010011010101110101011100100111111
11000010000100000010010001010001010100100000100111011010011110110001111110100100001010110010
01010101101000101010000001111011011100101001001011100110001101011001110110000101000001010111
01010000010111011000001000010000011101001110100101001010100010011101110111101101110100110011
01000010100000001110001000100001100101011101000100111011111010110101111100101110001010100000
11111100011110100001000001011011110111000010100101101100100100100011101100100010101110000101
01101010001110010111010111100100100000001101010010011110111001111001010000101000101010100000
00010111110111101011001000100001000010100111010100010011001010011011001001001011100010001100
00111011101011101001100101101010100110100100101110101011011110010000010000001110001111110100
00110011011001100111010000100011001011101100001100111000101011001101001111111010001100011101
10100000010101111111110100001000111011110111010110010001010000000100111000111111000101001011
00001100000111011101101100000100111001011110101101110101000111110111110010111101101101000011
11101010001011111000100111110001001110001010111010110100100010111010101101101111000011010001
01110011110001100101111111010110100111001111011101000010001101111100111111101000001111001110
10110100000010011111001001100010110001110011011011011101010111010010001011110000011111100100
10001000011010110010111111111000111110100001100111001000111110010000000001011010110110011110
00011011001010111111010111000111100010010100111101000001010001000110000001111000110100000011
00101110001000001001000001011001100101100010011011011111110010001110100010101010100110001010
10101110111101111011110101001110101000111110000001001001101001110100101000001001001010011000
11000100111001011111101101101101001111110000101111111011000000001000011001000100001100100101
00011001100100101010111010000010100101110101001011001011110100010010010101110010110000011010
10110010111010110111000000111000110010100101110001010110100100000001000001001101101100010001
11001000111010110010111110100100010101010001001001001010111000101110110010000100001011011111
11110011000110111010000110110011110001001111110010000000101111100110111000001011111111000110
00101001011101001010011101001100100111111010010011111111101010101111011011110001001000111001
10111100111001001100111001011000100111011000110011111000001000110000011000101001101101010111
01000011011110110111100111001111110001101010011100111001101111010011010010100010010100100100
00010011101110000000100101100000101111001010000001111000111000111110111110000110100000111010
01010110110100110110001101110111000000110100110101110111111100110110101111001000001101110001
00000100011011011011011011100001100001111000111100111001100110000101011111110000100111001100
00111011111010101110110100001100011010110001111100111000100001100101011101110001101011011111
11111101101110110001110110011001000100111111111101110010100110110001100110111010111110100000
10111100000000010001111101010110000011100000010011011100000000110001111001111001010111011111
11100111100110101001111111101100001000101011101110100011011111000101000010111101110100011110
10010001010001000011010111111111101001100100011110101110111011000011000011011000011100000011
11011100000111110110100110100100011011110111000000011100000111000100110110111000100010110001
10010011100111000100000000101110011001100000000110110101101010011000100001100110001010111001
00010001001100101110100100001001010100100111101100001010011111110111111101110000011010011010
01011011011000000100001000011001011000100001110111101101111100010110000001001010011011101000
00001110011101111001101000110001100011100011011001110001110011111011011011111010010000110100
00110011000100100111100111111010000110001000110010110111000101011011100111111000001001110101
10100111110011011011100101010100011101110100010001100001011011001010010001000111000000100100
