98 20
11100001000111010000
01111100101011111100
01100001010110010011
00001101111000110110
11001001000011111010
11111110010000100011
00111100000000111111
00001101101000001100
11110110000001110111
11100011011011010101
11101110010111010111
11100011111100010111
01010011000010011011
01101001110001011111
10001110011110101101
00011010000110110100
01101000100110101000
01011011101000111110
00101101110001010011
10010111110000101000
00100110011011010000
10110111001011101110
11010110101111001011
00111111100010111101
01000001110100000110
11010000111101100111
00100100100110111001
10011011011000011010
00001000010011001001
11011101001011001101
00110111100110010110
11101100111000101111
11100101001010101001
01101010011011110001
11001010010011011010
11101000101001011100
10011011100001010111
01100010110010000110
01001001111110100001
00001111000101011011
10110001011100000011
10001111100100101101
10100101101000000010
10111100111111011100
00011010011011101010
00100110000101101001
11100110001010001001
10000010010011010000
11110001110000100001
00011110001000011111
11110100111100100011
11000011101010010110
10011010111101001001
11011110101111100101
11111101000001001101
00011110011110011101
10001101001100101000
00101100000001100001
10001011101001101111
01101011011111000100
10010110011110100000
01001010100111001110
01011100110010100010
10001001011111000101
00110011010111000110
00001010100111010001
10011110011010011111
01110101010011000011
10000001111111100100
10000110100111110011
01101001000000111100
01001101001100000110
01110110011100101110
01111010110000011001
11100000111110111100
00111000110001011000
01111110100011011110
01010010100111010111
00100101011100101001
01001100001000000101
10011100001001001101
11111010111100011011
10111000111011111010
10100010010000011000
00111110000110001001
10110110010010000100
11110111001111010110
11011001010111001011
00001000001001001010
01011001110101100110
11000010010000111001
00010101110011011001
10101111110010011011
11100111110101011010
00000011100000110110
00001111001000101101
01101010110001111110
10000001101111010111
