2861 6563
80 85 120
80 918 199
81 610 90
81 67 115
82 640 155
82 1450 40
2644 2645 94
2644 2476 30
2644 2034 8
2645 2644 94
2645 72 37
2645 2621 101
2455 2456 79
2455 2457 23
2455 2454 17
2456 2455 79
2457 2455 23
2457 2458 74
2457 2459 24
2458 2457 74
142 1106 233
142 1293 24
2459 2457 24
2459 2460 60
2460 2459 60
1352 2620 10
1352 2622 20
2486 2487 6
2486 208 32
2486 1458 5
2461 2453 89
2461 2454 6
2487 2486 6
2487 2419 4
2197 2278 5
2197 2279 5
2197 1948 60
2462 2463 26
2462 2451 147
2462 2452 21
2463 2462 26
2419 2487 4
47 48 77
47 35 109
48 2722 29
48 1116 59
49 171 77
49 925 13
930 1113 16
930 830 31
2092 2093 1
2093 2092 1
2093 2083 16
2093 2091 15
2420 2421 30
2420 2742 31
2421 2420 30
2421 2742 15
2677 2678 15
2678 2677 15
2678 1476 53
2679 875 45
2679 2797 11
2680 2682 5
2680 2797 14
931 932 92
931 1138 5
931 808 24
932 930 93
2232 2233 4
2232 2239 128
2232 2231 4
998 1409 28
998 1212 114
2233 2232 4
2233 2230 9
2233 2158 3
2233 1995 4
2681 2682 18
2682 2680 5
2682 2681 18
2682 1475 9
2234 1995 3
2030 2120 18
2235 2236 4
2236 2235 4
2236 2237 4
2236 2215 64
979 980 77
1488 1489 5
1488 1487 7
1489 1491 18
1489 1487 7
980 981 9
1490 1491 5
1490 1487 22
1490 1847 7
1491 1490 5
1491 1494 87
1491 1848 5
1492 1493 4
1492 1847 46
1493 1490 90
1493 1494 6
1494 1496 12
1494 543 7
1495 1493 11
1495 1496 5
1495 1616 3
1496 1495 5
1496 1617 4
1496 1622 95
1497 1617 10
1498 1623 6
1499 542 3
1499 1621 12
1500 1499 5
1500 1629 10
1501 1630 11
2238 2239 4
2238 2231 128
2238 2237 4
2239 2238 4
2239 2240 4
2239 2107 11
2240 2239 4
2240 2242 3
2240 1038 6
1502 1504 5
1502 1628 94
1502 1634 4
1503 1635 5
1504 1502 5
1504 1506 14
1504 1635 3
1505 1502 14
1505 1506 5
1506 1509 11
1506 1269 7
1507 1505 10
1507 1509 5
1507 1640 3
2241 2105 4
2241 2237 8
2241 2245 7
1508 1640 5
1509 1507 5
1509 1641 3
1509 1647 89
2031 2118 8
2031 2032 27
2031 1425 57
1510 1645 5
1511 1646 13
1511 1801 5
1512 1511 5
1512 1654 11
1513 1652 6
483 1018 38
1514 1659 11
1515 1516 4
1515 1653 96
1515 1659 3
1516 1515 4
1516 1518 14
1516 1660 5
1517 1515 14
1517 1518 5
1518 1520 13
1518 1271 7
1519 1517 13
1519 1520 4
1519 1663 5
1520 1519 4
1520 1664 3
1520 1670 96
1521 1664 8
1522 1671 5
1523 1669 12
1523 536 5
1323 800 31
1524 1523 5
1524 1677 9
1525 1678 11
981 987 8
981 1255 122
1526 1528 5
1526 1676 88
1526 1682 5
1527 1683 5
1528 1526 5
1528 1530 10
1528 1683 3
1529 1526 10
1529 1530 5
1530 1532 13
1530 1273 7
1531 1529 12
1531 1532 5
1531 1688 3
1532 1531 5
1532 1536 94
1532 1689 4
982 979 104
982 983 160
1533 1688 5
1534 1693 8
1535 1531 95
1535 1536 4
1535 1693 4
1536 1535 4
1536 1538 13
1536 1694 4
1537 1535 12
1537 1803 5
1538 1537 5
1538 1699 10
484 1293 175
484 75 116
484 644 93
1539 1697 5
1540 1704 10
1541 1542 5
1541 1698 83
1541 1704 3
1542 1541 5
1542 1544 14
1542 1705 3
1543 1541 13
1543 1544 6
1426 1204 5
1426 2133 59
1426 2750 86
1427 1206 20
1427 2368 7
1427 1117 12
1544 1546 13
1544 940 6
1545 1543 12
1545 1546 4
1545 1707 5
1546 1545 4
1546 1714 111
1546 1708 4
1547 1708 14
1548 2753 6
1549 2796 27
1549 423 8
1550 1549 6
1550 1553 7
1551 1549 8
1551 1553 6
1551 1720 4
984 651 201
984 1416 36
1552 1720 3
1553 1551 6
1553 1374 4
1553 1725 50
1554 1555 6
1554 1724 12
1555 1732 12
1555 1368 4
1556 1730 2
1557 1809 17
1558 1559 5
1558 1731 141
1558 1809 11
1559 1558 5
1559 1561 17
1559 1735 5
1560 1558 18
1560 186 6
1561 1560 7
1561 1833 11
1562 1834 6
985 1400 5
986 1399 5
986 427 316
1563 1813 5
1564 180 6
1564 2759 45
1565 1564 7
1565 1609 15
1566 1568 15
1566 1605 5
1566 1751 4
1567 1568 10
1567 1605 15
1568 1570 13
1568 1372 8
1569 1567 12
1569 1570 6
1569 1754 5
1570 1569 6
1570 1755 3
1570 1761 139
1571 1755 9
1572 1762 4
1573 1574 7
1573 1031 7
1573 1760 14
1574 1573 7
1574 1769 13
1574 1805 5
1575 1770 4
1576 1778 4
59 2296 5
59 292 89
60 29 117
60 259 91
61 60 88
61 56 116
1577 1774 10
1577 467 68
62 61 94
62 1287 82
1578 1579 6
1578 1776 19
1578 1806 3
63 2378 11
63 2379 13
63 2519 19
63 2555 12
1579 1578 6
1579 1032 4
1579 1785 15
1580 1790 5
1581 1807 9
1582 1789 28
1582 1807 5
669 670 85
669 217 18
1583 1584 7
1583 1791 55
26 61 116
26 8 92
670 669 85
670 216 85
670 314 68
670 337 137
1584 1034 4
1584 2153 10
1585 1796 9
671 719 63
671 216 73
671 2131 50
1586 1822 3
1587 1823 7
1587 465 96
2262 2263 4
2262 2168 6
2262 2169 3
672 673 76
672 712 77
672 91 80
673 672 76
673 1111 57
673 713 86
673 215 12
485 271 40
485 2615 10
674 2421 11
674 2397 85
675 676 45
675 1470 11
676 677 59
676 1469 12
677 188 57
677 199 44
987 1186 60
987 647 369
1359 1322 55
1359 579 130
2266 2111 5
2266 2264 3
2266 2267 3
600 1492 111
601 571 92
601 574 88
1851 2306 3
1851 1965 6
1851 1119 11
602 603 91
602 908 115
603 546 81
603 533 93
1363 696 71
1363 945 139
2270 1278 9
604 430 169
604 968 100
1364 1097 15
1364 1385 4
605 525 91
605 528 95
1365 1384 7
606 393 118
606 662 60
607 606 114
607 639 117
608 607 455
608 400 117
2832 2688 9
2832 2690 3
609 610 116
609 67 89
610 82 81
610 83 114
2186 2188 5
2186 2218 4
2186 1969 84
611 609 114
611 638 90
486 1256 16
486 645 38
2187 2208 24
2188 2186 5
2188 2208 5
2188 1973 17
2189 2190 5
2189 2212 4
2189 1972 12
2190 2189 5
2190 2193 174
2190 2311 5
2191 2311 6
2192 2189 170
2192 2193 5
2192 2199 4
2193 2192 5
2193 2312 3
2193 1976 11
2194 2312 6
2195 2313 6
2196 2204 5
2196 2313 3
2196 1975 10
2276 1948 5
541 566 81
541 572 91
541 1105 57
2055 2051 28
1374 1553 4
1374 1726 26
1374 1164 13
2278 2197 5
1186 982 47
1186 1594 144
1186 1191 248
542 573 109
542 1621 6
2280 2279 4
2280 2281 3
2280 1954 12
281 2551 36
2464 2608 37
2464 2609 5
2464 1403 26
2465 2609 14
2282 2281 3
543 1618 7
543 796 25
1073 543 31
2285 2286 4
2285 2284 3
2285 2174 6
2286 2285 4
2286 1953 10
2286 2175 4
2288 2287 4
2289 2290 4
2290 2289 4
2290 2284 67
2290 2291 3
1590 1594 20
1591 1595 34
2292 59 4
2292 2293 3
2292 2178 3
2561 2566 9
2561 2570 18
2562 2561 22
2562 2563 17
2563 2562 17
2563 2568 11
2563 2570 14
2564 2575 32
2564 2579 18
2565 2571 21
2565 2574 18
2565 2577 21
2565 2578 20
2566 2567 25
2566 777 24
2567 2566 25
2567 2568 29
2567 2570 9
2567 2571 2
1114 2131 20
1114 91 6
2568 2563 11
2568 2567 29
2568 2569 26
2568 2578 2
2569 2562 12
2569 2568 26
2296 2295 3
2296 2297 3
2296 2217 66
2570 2561 18
2570 2563 14
2570 2567 9
2571 2565 21
2571 2567 2
2571 2573 20
2571 777 35
544 551 75
544 939 108
2572 2573 14
2572 777 47
2573 2571 20
2573 2572 14
2573 2574 18
1115 626 113
1070 2052 3
1070 2054 71
1070 1061 8
1070 2050 3
1071 2052 60
1071 1063 13
1071 1064 31
1071 2051 3
2574 2565 18
2574 2573 18
2574 2581 4
2574 778 36
545 602 111
545 544 92
1001 1002 85
1001 1015 16
1001 1185 86
1002 1001 85
2575 2580 8
2575 772 43
2576 2577 20
2576 2578 19
2576 2580 3
27 255 60
27 25 60
27 57 114
28 2539 108
29 26 90
29 667 116
1003 1356 6
1004 1005 5
1005 1419 10
1005 975 20
1315 9 70
50 47 123
50 183 21
2577 2565 21
2577 2576 20
2577 2582 5
2577 772 32
1108 1137 6
1108 197 114
2578 2565 20
2578 2568 2
2578 2576 19
2578 2579 10
546 545 89
546 549 77
1109 1112 30
1109 830 28
1110 1114 21
1110 1115 17
2579 2564 18
2579 2578 10
2579 2580 28
2580 2575 8
2580 2576 3
2580 2579 28
2581 2574 4
2582 2577 5
1111 2420 14
1111 674 35
1112 1108 19
1112 833 23
547 546 92
547 548 76
547 2338 153
547 533 111
1113 802 70
548 547 76
548 989 52
548 990 141
2523 2524 14
2523 2526 26
2523 2522 33
2523 1215 51
2524 2523 14
2525 2526 25
2526 2523 26
2526 2525 25
2526 2527 17
2526 2529 21
549 548 92
549 554 89
2527 2526 17
2528 2529 11
2529 2526 21
2529 2528 11
2529 2530 18
2529 2532 36
2530 2529 18
2531 2532 19
2532 2529 36
2532 2531 19
2532 1216 19
2533 2534 89
2533 2426 9
2533 2427 90
2534 2533 89
2534 2535 144
2534 1213 4
2534 2427 116
2535 2534 144
2535 1418 15
2535 1216 54
2535 1218 48
550 545 98
550 549 91
946 995 47
2536 1408 7
2536 1410 32
2536 1057 49
2476 2644 30
2476 72 103
2476 2473 4
2537 2602 67
2537 1361 16
551 550 91
551 552 92
1947 2445 18
1347 2618 16
1347 267 86
552 560 82
552 753 108
2659 2660 13
2659 2662 22
2659 2665 40
2660 2659 13
2660 2664 31
2660 438 9
2660 1445 16
2661 2662 13
2661 438 9
2661 440 36
2661 1444 17
2662 2659 22
2662 2661 13
2662 1191 156
553 550 122
553 552 90
1192 2674 153
1192 126 17
1192 1196 121
2663 2664 17
2663 613 94
2664 2660 31
2664 2663 17
2664 2665 13
2664 447 5
2665 2659 40
2665 2664 13
2665 2138 46
2666 2667 11
2466 1403 104
2466 1406 56
2466 2506 48
2466 1988 43
2667 2666 11
2667 2668 18
2667 133 96
2668 2667 18
2668 2669 12
2668 448 38
2668 134 6
917 1043 74
917 1046 93
2669 2668 12
2669 1208 9
2669 2138 61
2670 2671 18
2670 972 14
2671 2670 18
2671 2674 13
2671 2741 105
2671 972 8
554 553 90
554 558 85
555 554 92
555 557 82
555 989 38
556 557 89
556 565 91
556 988 84
556 1006 45
557 555 82
557 556 89
557 564 92
1074 1075 8
1074 1118 37
51 50 158
51 184 23
51 949 155
52 51 64
2398 2396 16
2398 370 122
2398 1471 84
558 557 92
558 563 91
2413 2414 3
2413 1694 12
2413 1841 33
2414 2413 3
2414 1701 5
2414 1274 7
2070 2072 1
2070 2065 6
2070 2060 40
559 553 110
559 558 89
1835 1830 4
560 559 92
560 561 91
1082 1047 8
158 266 98
158 288 151
158 2 71
262 263 47
262 251 117
263 280 68
263 264 90
264 265 92
264 278 114
265 285 93
265 1197 154
266 158 98
266 270 79
266 276 77
381 1867 6
381 1868 25
381 255 62
382 383 115
382 258 123
561 569 92
561 537 109
2839 1345 14
2839 202 12
1481 1482 15
1481 1845 19
1482 502 31
562 559 121
562 561 90
1888 1398 23
1888 1399 291
1889 1430 97
1889 2804 3
1889 1252 15
1889 2481 62
563 562 91
563 567 91
2450 1397 10
2450 2451 26
1075 2367 26
1075 1048 27
2801 2802 57
2801 2143 2
2801 2144 18
2802 2483 10
2802 1254 2
2802 2838 18
564 557 92
564 563 90
564 566 93
565 556 91
565 564 90
565 538 65
565 539 92
83 84 61
83 1009 58
84 81 222
84 253 60
1937 2054 41
1937 2686 46
1938 1939 31
1938 1207 47
85 86 168
85 316 70
85 319 57
1939 1938 31
1939 391 67
1939 453 122
1429 2805 11
1429 509 55
1429 2776 9
1429 517 7
1430 1889 97
1430 1979 76
1430 1981 22
1431 1432 34
1431 1977 19
566 541 81
566 564 93
566 567 90
566 539 91
1432 1431 34
1432 1433 18
1076 1074 42
1076 1205 46
567 566 90
567 572 86
567 2747 83
909 21 95
909 889 97
568 562 123
568 569 90
568 2747 7
2751 1714 3
2751 1715 4
2751 1716 16
2751 1711 7
2752 1719 4
2123 1420 19
2753 1548 6
2753 1718 4
2753 1719 4
2754 1712 10
2754 2708 22
2754 2422 11
569 568 90
569 570 86
569 771 110
2755 1715 4
1241 529 95
2393 267 13
2393 2518 11
2393 1285 78
2393 1396 54
2394 1020 60
2394 2516 81
2394 2636 58
2395 2474 11
570 573 90
570 540 109
2756 2757 6
2756 1710 5
2756 1709 5
2757 2756 6
2757 896 7
2757 2149 13
1242 1241 108
1242 1243 2
2758 902 80
2758 2821 6
2758 2822 9
1243 1242 2
1243 1246 7
1243 1227 93
1244 1242 18
1244 1246 4
571 568 84
571 570 89
571 2348 10
1245 1249 154
1245 1227 6
1246 1243 7
1246 1244 4
1246 1862 3
2688 2832 9
2688 2689 11
2688 1232 94
1247 1248 5
1247 1227 8
1247 2693 5
2689 2688 11
2689 1236 2
2689 1237 10
2690 2832 3
2690 859 75
1248 1245 24
1248 1247 5
572 541 91
572 571 90
572 574 91
572 2349 13
1249 841 98
573 600 90
573 601 92
1101 1104 90
1101 696 44
1102 762 44
1181 1066 4
1181 1887 139
1103 1102 86
1103 766 46
1104 1101 90
1104 794 44
1182 1415 144
1182 1194 63
1182 1195 67
1187 1415 169
2843 2848 2
2844 2847 7
2844 2848 2
2844 2793 3
2845 2849 2
2845 2133 38
2845 2748 47
2846 2850 2
2847 2844 7
2847 2849 9
2847 494 9
2847 2749 33
2848 2843 2
2848 2844 2
2848 2768 11
2849 2845 2
2849 2847 9
2849 2799 46
2850 2846 2
2850 2848 28
2850 2792 4
1433 1432 18
1433 1977 34
1433 1980 39
2141 62 12
2141 2642 7
1348 2808 6
1348 2841 37
1348 2491 9
1348 2140 30
64 273 151
64 668 92
86 87 135
86 317 103
30 472 50
282 281 116
282 64 91
283 282 113
283 160 160
284 283 115
284 277 92
285 284 111
285 287 96
286 285 449
1477 1478 62
1477 1479 15
1477 1298 45
1477 1299 15
1483 1481 131
1483 1485 14
1940 127 23
1940 395 43
2043 2051 42
873 1143 28
873 2094 87
873 92 92
287 266 106
287 288 194
2040 2643 6
2040 1280 30
2040 2560 21
2812 2379 13
2812 2519 6
2812 2624 7
2813 1422 14
2813 1423 12
2813 1395 10
2814 2036 6
2814 1389 38
2814 2041 82
2815 2816 4
2815 2039 14
2815 1279 9
2816 2815 4
2816 2038 22
2816 2475 9
1381 1382 137
646 1886 49
646 2473 9
1382 1381 137
1382 117 92
694 697 95
694 216 202
1855 996 11
1856 1857 9
1857 1856 9
1857 1190 13
1857 1858 183
1857 1989 3
2508 2509 93
2508 2610 63
2508 1860 7
2509 2607 40
2509 1402 6
2509 1906 22
2510 2505 84
2510 2442 4
2511 2499 9
2512 2499 6
2513 1210 4
1278 2270 9
1278 1377 18
1278 2115 20
1278 2272 8
1106 142 233
1106 1455 76
2124 271 15
2124 276 83
1219 238 118
1219 1224 8
1219 1854 123
1220 1223 57
1220 9 91
159 282 149
159 160 75
159 272 81
14 19 66
2083 2093 16
2083 2086 16
2083 2088 23
2084 2087 15
2084 1142 4
2084 2088 15
2085 2086 1
2086 2083 16
2086 2085 1
2086 1923 23
2086 1927 34
2087 2084 15
2087 1923 13
2087 2079 10
2484 2378 14
2484 2621 6
2484 1388 116
2485 63 15
2485 2484 9
471 1375 6
471 2314 4
1069 2 76
1069 999 84
1009 83 58
1357 2434 30
65 27 119
65 1367 8
2798 2849 38
2798 1428 14
2798 2133 3
2799 2800 33
2799 2748 2
208 2487 32
208 2419 65
208 209 90
208 230 88
208 195 90
208 1459 22
209 1461 47
2800 2801 4
2800 2763 12
2800 2762 2
171 2712 9
210 1027 58
210 577 91
211 210 141
211 232 90
172 49 76
172 2723 8
174 1935 16
174 34 18
174 924 20
173 172 76
173 928 11
213 922 42
213 331 106
212 211 159
212 233 181
214 1143 56
214 325 94
214 332 126
2803 2804 63
2803 2480 10
2803 2481 2
2804 1889 3
2804 2805 14
2804 517 19
2805 1429 11
2805 2806 83
2805 1252 2
2806 2840 35
2806 1253 2
2806 2842 1
2807 2851 42
2807 2852 2
2807 2856 2
2808 1348 6
2808 2807 253
2808 510 11
2809 880 12
2809 2493 10
2810 2829 4
2810 954 5
2811 2858 4
472 30 50
472 2496 5
472 2022 55
66 80 153
66 312 103
1031 1573 7
1031 1759 7
473 474 90
473 2015 41
473 252 113
1032 1579 4
1032 911 49
1032 1786 8
1227 1243 93
1227 1245 6
1227 1247 8
1228 1248 103
1228 1249 23
1228 858 182
1229 505 67
1230 1229 42
1230 516 86
474 464 112
474 466 93
1035 913 82
1035 1821 35
1231 1230 40
1231 1233 7
1232 2688 94
1232 1229 166
1232 1231 10
1233 1231 7
1233 1234 2
1233 2691 8
1234 1233 2
1234 1236 22
1234 2692 10
1235 1236 5
1236 2689 2
1236 1234 22
1236 1235 5
1237 2689 10
1237 1238 11
1238 2690 10
1239 1237 36
1239 857 86
2826 2827 6
2826 880 4
2826 2830 10
1240 1229 197
1240 1238 163
1240 1239 41
475 660 64
475 661 72
2827 2826 6
2827 2829 10
2827 955 7
2828 2809 3
2828 2826 11
2829 2828 11
2829 954 6
476 475 212
476 458 103
477 478 117
477 456 116
288 286 133
288 1 98
478 122 110
478 656 72
2538 2539 45
2538 487 196
479 69 109
479 120 116
2539 2538 45
2539 861 16
1484 1482 15
1484 1845 15
480 68 112
480 122 113
2540 2541 75
2540 872 54
2541 2540 75
2541 861 61
481 482 98
481 353 94
481 362 94
2672 2673 15
2672 104 74
2672 126 19
2673 2672 15
2673 1438 12
2673 1439 79
2674 1192 153
2674 2671 13
2674 1208 228
482 481 98
482 698 102
482 345 94
1059 2657 201
2007 1440 12
94 333 106
94 948 99
95 221 126
95 365 123
838 1831 29
839 0 98
839 959 40
840 839 90
840 843 126
841 840 91
841 961 72
842 841 96
842 858 66
843 842 91
843 846 120
844 839 95
844 843 90
1256 486 16
1256 1422 11
1256 1049 5
1256 2034 15
845 838 91
845 844 90
846 845 91
846 849 182
847 842 91
847 846 90
848 1240 30
848 847 91
849 848 120
849 852 121
438 2660 9
438 2661 9
438 1444 13
439 1080 12
439 615 106
439 2057 10
850 845 92
850 849 91
851 850 91
851 1028 84
2497 2430 8
852 851 91
852 855 122
160 272 44
160 276 79
853 848 91
853 852 90
2498 2430 7
854 853 92
854 860 116
855 604 116
855 854 90
1120 6 50
856 851 90
856 855 89
1441 1298 110
857 1239 86
857 847 66
857 858 90
857 1151 84
858 1228 182
858 857 90
1150 1154 45
1150 531 77
859 853 108
859 860 91
860 2541 115
2142 2143 510
861 250 74
862 1232 87
2052 1070 3
2052 1071 60
2052 2048 8
2052 2049 4
1151 857 84
1151 1154 3
1151 2691 75
863 2538 13
863 2540 31
863 861 35
1152 1862 78
1152 1863 10
1152 1865 22
864 862 50
2143 2801 2
2143 2142 510
2143 2762 4
2143 1254 57
865 864 123
865 499 51
2144 2801 18
2144 2763 3
2144 1944 23
866 868 37
866 148 38
867 868 66
867 871 39
867 115 39
868 866 37
868 867 66
868 870 34
869 870 33
869 454 42
870 868 34
870 869 33
870 871 66
871 867 39
871 870 66
871 125 36
1153 2693 80
175 183 67
176 175 103
176 378 75
1154 1150 45
1154 1151 3
1154 1865 44
872 864 41
872 496 119
1485 1483 14
1485 1486 66
1485 2771 15
428 1377 26
428 1872 7
428 470 120
1478 1477 62
1478 1297 29
1478 1299 43
1478 1311 68
429 430 33
429 969 42
2600 2601 126
2600 2467 17
2044 2051 14
836 815 89
836 1023 58
2045 2685 55
2045 121 29
2601 2600 126
2601 1404 7
1934 1929 123
1934 46 132
1935 173 62
1935 2736 34
1935 2818 13
837 1456 65
837 758 91
2602 2603 15
2602 2632 21
2603 2602 15
2603 2604 55
2603 1985 189
2604 2603 55
2604 2514 56
2604 1361 15
1121 100 62
1121 2619 4
1121 2636 56
2605 1190 106
2605 2499 7
2605 2431 98
2605 2435 8
2606 2500 34
2606 2433 62
2606 2437 7
2606 2440 8
2607 2510 53
2607 2452 20
1167 1170 14
1167 1127 7
1167 1163 7
1168 2415 17
1168 959 96
1168 1165 9
2608 2464 37
2608 2609 29
2608 1056 9
2609 2464 5
2609 2465 14
2609 2608 29
1169 1172 100
1169 1052 5
1169 1053 14
1169 1351 60
2610 2508 63
2610 1899 97
2610 1984 85
1486 1485 66
1486 1943 15
1170 1167 14
1170 1177 13
1170 1336 11
1077 1940 158
1077 451 11
1072 1073 17
1072 1267 20
1078 1081 116
1078 616 10
1079 1077 85
1079 1080 46
1079 129 10
96 490 120
96 493 92
1171 875 46
1171 880 8
1171 2492 9
1171 2493 10
1080 1079 46
1080 632 21
1172 1169 100
1172 1198 54
1172 1051 12
97 2517 65
97 2520 109
98 1939 250
98 397 106
99 607 118
99 400 111
1440 2007 12
1440 2005 19
1440 1310 99
1081 1080 106
1081 618 60
2096 2097 1
2096 1922 10
2096 1147 45
2097 2096 1
2053 1918 26
2053 2050 73
2054 1070 71
2054 2053 2
2488 2489 3
2488 2744 69
2488 2316 54
2489 2488 3
2489 2490 39
2489 2316 31
2490 2489 39
100 102 102
101 484 115
101 76 117
101 141 119
102 101 104
102 1018 438
102 1020 121
102 404 77
2611 2612 19
2219 2307 4
2219 1968 6
2219 1969 4
612 884 33
612 885 28
612 437 91
613 614 117
613 137 62
614 615 59
614 446 118
615 1081 12
615 616 115
616 613 60
616 1445 95
617 1078 60
617 440 107
103 2647 5
618 617 115
618 619 62
2612 2611 19
2612 1190 51
2612 996 34
619 622 52
619 453 119
620 617 62
620 619 116
21 759 95
21 829 92
621 620 51
622 621 116
622 624 50
2648 103 8
2648 2646 4
2648 1304 5
623 621 50
623 624 116
2649 103 9
2649 1304 18
624 445 117
624 131 43
625 2102 62
625 465 114
2613 2508 30
2613 2614 14
2614 2613 14
626 87 104
626 317 100
2098 2095 38
2098 2082 1
2098 1921 6
1000 66 59
1000 1043 53
1026 1027 88
1026 577 56
1027 209 75
2522 2523 33
2618 2394 2
2618 2516 83
2618 2636 57
2619 1121 4
2619 2520 27
2619 2521 4
2356 2357 3
2357 2356 3
2357 2346 9
2357 2353 5
2358 2359 15
2358 2363 9
2358 2344 3
2358 2345 12
2359 2358 15
2359 2365 3
2359 1454 4
2360 2361 10
2360 2364 2
2360 2353 12
2361 2360 10
2361 2351 18
2361 2354 13
2362 2363 3
2362 2354 33
2362 2341 14
2362 2344 9
2363 2358 9
2363 2362 3
2363 2341 13
2364 2360 2
2364 2352 1
2364 2344 31
1990 2514 31
1990 1407 18
1990 1211 22
2365 2359 3
2365 2346 7
2365 2344 19
67 65 115
67 257 91
68 114 112
68 118 116
69 480 112
69 71 112
1257 881 25
104 2672 74
104 1439 23
104 972 13
105 455 77
1258 1259 3
1258 881 30
70 99 123
70 2859 68
70 399 76
106 110 115
106 1313 107
1259 1258 3
1259 1261 10
1260 988 33
383 244 189
383 246 115
107 111 114
107 1992 56
108 1312 8
108 1314 8
384 381 119
384 256 92
1261 1259 10
1261 1262 3
385 384 115
385 469 95
1262 1261 3
1262 1263 11
1263 1262 11
1263 988 21
386 385 114
386 254 90
31 432 69
31 460 142
32 1839 168
32 1434 68
32 1435 70
33 215 72
33 329 72
33 372 246
34 174 18
34 2738 22
34 43 63
387 390 92
387 1950 13
2794 2795 6
2794 1277 14
2794 1157 11
2795 1550 27
2795 2794 6
2795 2796 5
2796 2795 5
2796 2626 3
2796 407 6
2763 2800 12
2763 2144 3
2763 495 6
2763 2770 8
267 2393 13
267 159 81
267 1121 16
1473 1060 74
1473 2627 8
1473 2477 24
1107 680 35
1107 207 43
177 175 58
178 675 54
178 182 181
179 683 90
179 226 84
1830 1835 4
1830 1834 4
1830 1812 51
1474 1060 24
1474 976 22
440 2661 36
440 442 44
441 618 119
441 1203 24
1946 1052 71
1946 1351 8
2326 2317 1
2327 2328 10
2327 2329 3
2327 2324 20
2328 2327 10
2328 2329 10
2328 2330 4
2329 2327 3
2329 2328 10
2329 2317 31
2118 2031 8
2118 2121 42
87 320 96
87 93 154
0 1722 6
0 1804 4
180 1824 22
109 110 116
109 157 113
110 106 115
110 109 116
110 111 119
110 124 114
111 112 118
111 454 114
112 1455 14
112 125 114
678 679 56
678 204 49
679 53 48
679 206 62
680 1380 7
680 207 27
1860 2508 7
1860 2433 10
1860 2436 103
988 555 89
988 556 84
988 1260 33
989 548 52
989 555 38
989 990 103
681 911 22
681 359 39
682 681 126
682 1373 93
683 682 126
683 222 101
684 179 136
684 1371 108
685 684 95
685 581 171
686 685 94
686 1369 104
687 686 130
687 54 85
688 687 91
688 1164 94
689 1104 43
689 2824 8
911 1032 49
911 681 22
911 912 93
690 691 131
690 706 86
690 2407 114
691 690 131
691 692 94
691 742 85
912 913 90
912 1033 79
692 691 94
692 693 86
692 704 85
693 692 86
693 739 85
693 2448 68
695 703 137
695 720 97
696 1092 118
697 698 98
697 345 100
913 914 88
913 357 92
699 481 103
699 700 95
914 915 91
914 1036 86
915 916 113
915 341 91
702 695 102
702 726 129
703 693 88
703 704 84
916 74 114
916 1038 92
705 691 84
705 706 131
706 730 86
706 2406 117
698 699 99
698 722 89
700 701 123
700 724 62
700 362 69
701 702 116
701 363 101
707 731 86
707 418 39
708 890 89
708 897 92
704 705 94
704 728 85
709 910 44
709 587 90
710 716 77
710 738 90
711 714 115
711 725 86
712 713 101
712 723 90
713 673 86
713 711 121
713 724 58
2625 2795 5
2625 1276 8
2626 2625 6
2626 1717 20
714 715 109
714 751 118
715 710 141
715 750 66
716 717 93
716 583 89
717 718 133
717 736 92
718 586 91
718 2402 121
1377 1278 18
1377 428 26
1377 1376 11
2411 2412 88
2411 769 90
1378 1376 22
2412 2564 13
2412 2569 21
1449 1450 26
2447 1888 7
2447 648 26
1188 1601 54
1188 976 19
1824 1825 4
1824 2759 4
1824 503 7
1375 1851 52
1375 2304 5
1375 2315 4
1189 997 62
2544 2545 26
2544 2642 8
2544 1288 8
2545 2544 26
2545 2546 9
2545 2643 7
2546 2545 9
2546 2547 27
2546 2554 40
1366 2416 76
1366 245 56
2547 2546 27
2547 1290 39
2547 1292 8
2547 2554 15
2548 2641 5
2548 1289 7
2548 2558 16
2549 2639 43
2549 2641 8
430 429 33
430 249 82
2550 2551 24
2550 2553 42
2550 1290 29
1918 478 114
1918 113 154
1918 456 78
2551 267 78
2551 2550 24
2552 281 6
2552 1290 28
442 620 106
442 440 44
442 443 36
2553 2550 42
2553 1281 14
2553 1285 21
1141 2090 21
1141 238 108
1141 1927 33
215 673 12
215 33 72
215 375 96
1142 2084 4
1142 237 33
1142 2080 19
1143 873 28
1143 214 56
1143 2078 101
719 697 88
720 726 102
720 733 76
721 1363 18
721 792 92
721 1068 112
722 719 101
722 2130 94
723 699 90
723 722 101
724 700 62
724 713 58
724 723 98
725 701 95
725 724 123
726 714 129
726 725 114
727 703 83
727 720 135
728 727 83
728 737 66
729 705 85
729 728 93
730 729 131
730 735 65
731 734 65
731 2405 92
732 790 107
732 798 90
733 715 41
733 738 138
734 709 92
734 1338 78
735 718 186
735 2404 119
736 729 68
736 735 133
737 716 93
737 736 91
738 727 68
738 737 81
739 741 85
739 744 86
740 689 88
740 1084 48
741 692 85
741 742 96
742 743 129
742 747 171
743 690 83
743 2408 113
744 2371 53
744 2374 19
745 758 86
745 224 173
746 741 85
746 744 85
747 746 97
747 582 85
748 743 171
748 747 129
749 711 110
749 751 115
750 751 105
750 584 62
751 749 115
751 750 105
751 229 82
647 2447 1
2514 2604 56
2514 1990 31
2514 1986 102
648 649 10
649 650 22
649 652 38
2036 2814 6
2036 2037 9
2036 2038 31
2037 2036 9
2038 2816 22
2038 2036 31
2038 2039 14
189 190 112
189 79 91
190 191 117
190 218 190
191 295 123
191 389 116
192 219 87
289 264 145
289 1197 97
2134 2135 92
2134 401 43
1193 1196 86
1193 1183 11
1193 1184 11
2135 2135 102
2135 2134 92
650 1401 3
1436 1839 53
1436 1045 64
230 576 92
1825 1824 4
652 650 36
652 1066 99
71 109 116
71 2658 49
2712 2717 23
2712 2718 38
875 2679 45
875 1171 46
875 2786 11
2713 49 8
2713 2714 19
2713 2723 100
876 879 22
877 878 94
877 2787 80
2714 2713 19
2714 2715 20
2714 2719 28
878 877 94
878 879 90
878 1013 40
2715 2714 20
2715 2720 38
2715 2739 12
2716 2717 12
2716 2718 35
2716 2739 23
879 876 22
879 877 177
879 878 90
1016 1019 43
1016 268 58
2717 2712 23
2717 2716 12
2717 2719 32
2718 2716 35
2718 13 56
2719 2714 28
2719 2717 32
2719 2739 14
2720 2713 12
2720 2715 38
1061 1070 8
1061 2686 7
1061 2048 5
880 2826 4
880 1171 8
880 2785 11
1062 113 24
1062 2050 132
653 979 266
653 1412 121
1017 1016 61
1063 1071 13
1064 1071 31
1064 1065 15
1064 2048 66
1064 971 53
1836 1560 13
1836 1831 4
1836 1833 6
1018 483 38
1018 102 434
1018 1936 43
881 1257 25
881 1258 30
881 988 76
1019 1018 40
1019 268 29
2721 2721 32
2721 2722 9
2069 2064 18
882 881 17
882 1012 42
2478 2776 3
113 119 115
113 138 63
1065 1064 15
114 123 112
114 144 118
2479 2773 4
115 867 39
115 116 115
883 882 90
883 1013 41
883 1052 53
2480 2803 10
2480 517 53
2480 2836 3
2480 2773 9
2317 2326 1
2317 2329 31
2317 2325 13
2127 2128 23
2127 2129 145
884 612 33
884 885 44
884 2335 66
884 1198 13
2128 2656 46
2128 1297 244
2129 2127 145
2129 1294 22
2318 2321 9
2318 962 7
2318 966 20
2483 2802 10
2483 504 7
2483 2772 9
2483 1944 22
2722 2720 14
2722 2721 9
2723 2713 100
2723 2724 99
2723 12 37
885 1172 12
885 886 72
2724 173 7
2724 2723 99
2724 2725 26
886 1053 42
886 1014 34
887 2335 8
2319 2320 10
2056 2057 29
2056 129 7
2320 2319 10
2320 2321 17
2320 2325 2
2321 2318 9
2321 2320 17
2321 2322 27
2057 439 10
2057 2056 29
2322 2321 27
2322 2323 2
2322 2332 5
888 909 81
888 822 22
2323 2322 2
2323 2324 17
2323 2331 7
2725 2724 26
2725 2730 16
2725 2736 22
2324 2327 20
2324 2323 17
2324 2325 17
2325 2317 13
2325 2320 2
2325 2324 17
2726 2730 20
2726 36 44
889 890 92
889 897 89
116 115 115
116 147 117
116 141 219
890 891 88
890 755 90
891 892 88
891 898 90
2727 2728 9
2728 2724 16
2728 2727 9
2729 2730 10
2730 2725 16
2730 2726 20
2730 2729 10
2730 2731 17
892 893 89
892 757 89
2731 2730 17
2731 2732 14
2731 2735 8
2731 2737 14
2732 2731 14
2732 2733 25
2732 2738 23
893 894 89
893 900 92
2380 2382 28
2381 2382 10
2381 2383 6
2381 1869 40
2733 2732 25
2733 2734 5
2733 2735 5
2382 2380 28
2382 2381 10
2382 2384 7
2383 2381 6
2383 2385 6
2383 1871 25
894 837 90
894 752 93
2734 2733 5
2734 2735 9
2734 2736 5
2384 2382 7
2384 2387 8
2384 1874 40
2385 2383 6
2385 2386 8
2385 1873 24
2386 2385 8
2386 2389 9
2386 1878 41
895 909 86
895 888 164
2387 2384 8
2387 2388 5
2387 2391 24
2388 2387 5
2388 2390 8
2388 2392 23
939 1543 6
939 1703 6
2389 2386 9
2389 2390 10
2389 1882 29
2735 2731 8
2735 2733 5
2735 2734 9
2390 2388 8
2390 2389 10
2390 1883 41
2736 1935 34
2736 2725 22
2736 2734 5
2391 2387 24
2392 2388 23
2737 2726 11
2737 2731 14
896 902 53
896 1710 7
2738 2732 23
2738 2737 31
940 2757 7
940 1709 7
940 2149 12
1362 1093 5
1362 1096 19
897 895 82
897 414 67
941 903 22
941 2596 50
942 2594 48
942 1272 94
2817 2818 5
2818 1935 13
2818 2817 5
2818 924 15
1826 1828 4
1826 1829 3
1826 1371 7
2739 2715 12
2739 2716 23
2739 2719 14
2739 1116 45
1 2 97
2 158 71
2 1069 76
2 3 107
3 4 106
3 269 107
4 483 90
898 708 88
898 412 95
1020 642 70
899 892 90
899 898 88
900 899 89
900 410 121
1479 1477 15
1479 1299 15
1479 1301 79
1479 1311 43
901 894 95
901 900 89
902 901 91
902 408 148
903 837 42
903 2597 57
1455 1106 76
1455 112 14
181 710 92
181 584 136
182 181 92
182 187 104
183 1359 5
183 50 21
183 1317 124
2759 1824 4
2759 1827 27
2759 1815 92
2650 2651 85
1827 1565 14
1827 2759 27
1827 1829 4
1828 1826 4
2542 634 33
2542 2474 20
2651 2650 85
2651 2652 155
2651 2653 121
2760 1723 10
2099 1587 11
2099 1818 26
2100 2099 7
2100 1036 12
2100 2155 21
2101 2099 28
2101 2221 4
2101 2155 3
2102 2103 3
2102 2224 6
2103 2104 3
2103 2225 11
2104 2232 14
2104 2230 3
2105 2236 6
2105 468 92
2106 2238 12
2106 2241 4
2107 2106 5
2107 2247 9
2108 2109 7
2108 2251 5
2109 2110 4
2109 2162 10
2110 1039 6
2110 2165 12
2111 2261 6
2111 470 93
2112 2111 7
2112 2167 11
2113 2112 5
2113 2172 10
2114 2266 64
2114 2271 3
2114 2173 4
2115 1278 20
2115 2114 10
2115 2116 3
2116 2115 3
2116 2117 4
2116 2173 18
2117 387 3
2117 2116 4
2117 1951 24
117 156 117
117 403 115
2543 644 96
118 154 113
118 657 39
119 456 71
2378 63 11
2378 2484 14
2378 1279 102
2378 2560 82
2379 63 13
2379 2812 13
2379 2556 17
2379 1396 55
2655 2656 77
2655 2658 41
2655 2654 47
2656 2128 46
2656 2655 77
2656 2657 36
2657 1059 201
2657 2656 36
2657 2658 40
2658 71 49
2658 2655 41
2658 2657 40
72 2476 103
72 2517 108
72 402 74
73 18 78
73 150 106
73 404 79
1124 1128 25
1124 1132 73
1124 1177 28
1125 1130 24
1125 1131 72
1125 1140 17
1126 1131 58
1126 1134 92
1126 1136 185
1126 1159 42
1127 1167 7
1127 415 6
1127 1251 12
1127 1342 2
1128 1124 25
1128 1130 109
1128 1342 28
1129 1131 84
1129 1250 78
2743 2694 187
1130 1125 24
1130 1128 109
1130 1140 17
1131 1125 72
1131 1126 58
1131 1129 84
216 670 85
216 671 73
216 314 116
216 315 78
1132 1124 73
1132 1133 21
1132 1139 32
1133 1132 21
1133 1122 33
1133 1139 28
1808 1810 5
1480 1015 7
1480 1196 99
1480 1184 23
2088 2083 23
2088 2084 15
2088 1923 15
1928 1929 7
1442 424 7
1442 1255 8
1929 1934 123
1929 1930 24
1443 443 3
1443 2683 7
1443 2684 20
1093 1362 5
1093 799 61
1094 1098 187
1095 1098 177
1095 943 169
1095 1068 24
1444 2661 17
1444 1078 94
1444 1445 8
1445 2660 16
1445 438 13
1445 1444 8
1930 1932 47
1930 332 216
1931 1934 5
1931 43 172
1096 1362 19
1096 1097 64
1932 1930 47
1932 1931 39
1933 1932 43
1097 1364 15
1097 1096 64
1098 1095 177
1098 1099 67
2595 903 39
2595 2596 16
2596 942 45
2596 2595 16
431 856 90
431 1030 102
1099 1094 124
1099 1098 67
1099 1385 23
1099 1437 59
443 442 36
443 2764 29
443 2684 12
444 622 117
444 453 52
2744 2488 69
2744 2745 251
2744 2316 240
2745 2744 251
2745 2746 45
2745 2694 341
2746 2745 45
2597 2598 17
2597 752 45
2598 941 43
2598 2597 17
1100 1437 9
635 2041 27
1886 608 426
1886 2473 9
2599 896 48
2599 2148 13
1428 2798 14
1428 1201 35
1428 494 21
2198 2199 3
7 10 126
2199 2192 4
2199 2198 3
2199 2212 84
2200 2201 4
2201 2200 4
2201 2313 3
2201 1974 5
2202 2203 3
2202 2312 4
2202 1042 5
2203 2202 3
2204 2196 5
2204 2205 4
2205 2204 4
2205 2206 4
2206 2205 4
2071 2068 2
636 1279 12
636 1049 87
636 1388 16
2072 2070 1
637 2118 20
637 645 53
637 25 7
952 953 4
953 2809 5
953 2828 5
953 954 17
953 2493 14
954 953 17
954 2855 77
954 1349 5
955 2810 11
955 2827 7
955 1941 45
231 210 90
231 232 138
232 233 158
232 1355 93
233 234 131
233 241 180
234 235 116
234 377 92
235 236 106
235 921 67
236 240 91
236 326 109
237 1142 33
237 325 119
1397 2450 10
1397 1890 70
1397 1891 22
638 608 232
638 639 153
1398 1888 23
1398 648 22
1398 1887 4
639 640 36
1399 986 5
1399 1888 291
1399 1195 161
1400 986 10
1400 647 30
1456 2595 28
640 609 63
1384 1365 7
1384 1385 32
1384 1437 3
1401 985 23
1401 651 88
1361 2537 16
1361 2604 15
1361 1413 36
1361 2424 4
1385 1364 4
1385 1099 23
1385 1384 32
1831 1836 4
1831 1832 4
1831 186 7
1832 1831 4
1176 1178 97
1176 1123 70
1176 197 14
1176 1329 80
1177 1170 13
1177 1124 28
1177 1179 154
1177 1342 32
1177 929 7
1178 1176 97
1178 1180 55
1178 1136 18
1178 1137 2
1179 1177 154
1179 1122 18
1179 228 10
1179 1329 78
1402 2509 6
1402 2500 7
1043 66 31
1043 1000 53
184 51 23
184 947 154
184 578 97
185 55 178
185 585 91
186 1810 17
1403 2464 26
1403 2466 104
1403 1988 42
1404 2601 7
1404 1982 20
1405 1406 17
1405 1056 105
1405 1988 43
1406 2466 56
1406 1405 17
1406 2507 45
2473 2476 4
2473 1886 9
2473 2035 58
1407 1990 18
1407 1413 82
1407 1909 24
1190 1857 13
1190 2605 106
1190 2612 51
1190 2433 40
1408 2536 7
1408 1409 40
1408 1914 64
1408 1915 23
2064 2069 18
2064 2067 6
2064 2068 1
2065 2070 6
2065 2066 8
2065 2063 17
2066 2065 8
2066 2067 12
2066 388 41
1409 1408 40
1409 1411 5
2067 2064 6
2067 2066 12
2067 299 41
1410 2536 32
1410 1911 22
1410 1913 63
1411 1057 36
1411 2429 18
2068 2071 2
2068 2064 1
2068 2062 35
1412 983 58
17 388 8
1413 1361 36
1413 1407 82
1413 1910 27
1414 1360 271
1414 2423 13
1414 2424 8
1414 2431 94
1386 1989 13
2857 2859 12
193 707 88
193 419 7
193 2407 94
194 20 62
194 593 92
2858 2811 4
2858 2859 7
2858 2860 4
2859 70 68
2859 2857 12
2859 2858 7
2859 398 6
2860 2858 4
2515 1049 25
2515 2034 24
1415 1182 144
1415 1187 169
1415 1416 13
1415 1858 15
1601 1188 54
1601 977 13
1416 985 421
1416 1415 13
1387 1069 84
1387 3 119
1602 1813 22
1603 1829 6
2089 2090 11
2089 2091 3
2090 1141 21
2090 2089 11
1417 1418 36
1417 1861 272
1417 2628 16
1417 1218 16
1418 2535 15
1418 1417 36
1418 1457 6
1418 1175 8
445 444 51
1419 1188 34
1419 2627 16
1419 1173 5
1420 2123 19
1420 2032 17
1420 1424 28
2399 384 44
2399 2400 50
2400 2399 50
918 2839 32
918 66 187
1858 1857 183
1858 1415 15
1858 1859 26
1859 1858 26
1859 1989 127
1859 1595 32
919 94 64
919 920 105
920 213 45
2820 16 17
1833 1836 6
1833 1834 3
1833 1814 101
1834 1562 6
1834 1830 4
1834 1833 3
921 331 58
1208 2669 9
1208 2674 228
1208 2494 98
1208 134 18
922 236 51
922 921 106
1861 1417 272
1861 2427 23
1861 2428 63
2150 1113 17
2150 830 19
923 212 75
923 176 90
1683 1527 5
1683 1528 3
1683 1684 4
924 174 20
924 170 25
1687 1688 4
1687 753 6
1687 1686 3
1688 1531 3
1688 1533 5
1688 1687 4
1689 1532 4
1689 1690 5
1689 1694 48
388 2066 41
388 17 8
388 299 91
388 349 150
1690 1689 5
1691 1692 4
1989 1857 3
1989 1386 13
1989 1859 127
1692 1687 48
1692 1691 4
1692 1693 3
1695 1696 5
2467 2600 17
2032 2031 27
2032 1420 17
2032 2121 8
2032 2122 26
925 927 80
925 168 94
926 171 16
926 1010 39
927 172 11
927 928 76
928 2818 76
928 335 188
1699 1542 84
1699 1700 3
1699 1698 5
2685 2045 55
2685 2686 2
2685 2687 3
2686 1937 46
2686 1061 7
2686 2685 2
2687 2685 3
2687 2046 57
2687 2048 6
1700 1699 3
1700 1701 7
1700 1705 43
627 445 43
627 131 116
628 439 22
629 628 12
629 1200 17
1701 2414 5
1701 1700 7
1701 2823 17
630 1079 28
630 452 94
631 630 7
632 631 17
632 1203 19
1702 1703 3
2130 712 103
2130 91 18
2131 671 50
2131 1114 20
2131 2130 35
2451 2462 147
2451 2450 26
2452 2462 21
2452 2607 20
2452 2453 61
1487 223 10
2453 2461 89
2453 2452 61
2033 2122 3
1604 1743 6
2454 2455 17
2454 2461 6
2454 2505 33
1705 1542 3
1705 940 8
1705 2149 7
2333 2337 14
2334 2338 10
238 1141 108
238 239 118
238 322 106
239 237 96
239 324 120
240 330 98
240 369 105
241 203 93
241 1355 159
2335 884 66
2335 887 8
2335 2337 9
2336 2337 1
2337 2333 14
2337 2335 9
2337 2336 1
2338 547 153
2338 2334 10
2338 1198 41
2339 1198 23
1710 2756 5
1710 1275 30
1421 1423 14
1421 1425 10
1421 1393 7
217 669 18
217 307 113
187 185 117
187 198 91
188 1466 3
188 1467 16
956 957 32
956 1051 38
957 956 32
957 958 58
957 991 44
958 957 58
2637 1292 9
2638 2552 77
2638 2640 8
2639 2640 8
2639 8 9
2640 2638 8
2640 2639 8
2640 2641 27
2640 2558 16
2641 2548 5
2641 2549 8
2641 2640 27
2641 1282 17
2642 2141 7
2642 2544 8
2642 2643 33
2642 1282 42
1712 2754 10
1712 1713 4
1712 904 9
2643 2040 6
2643 2545 7
2643 2642 33
2643 2557 50
2042 88 87
1713 1545 112
1713 1712 4
1713 1714 5
18 73 78
18 398 78
18 401 122
1714 2751 3
1714 1713 5
1714 1718 104
1422 2813 14
1422 1256 11
1422 1395 16
1715 2751 4
1715 2755 4
1715 1719 52
425 1076 7
426 1082 30
426 130 4
1180 1178 55
1180 1135 2
1180 1159 175
427 980 137
427 1412 426
1605 1566 5
1605 1744 212
1605 1750 4
1606 1564 16
1606 1738 7
1606 1609 5
1867 381 6
1867 1869 11
1867 1872 50
1868 1869 8
1868 1877 188
1716 2751 16
1869 2381 40
1869 1867 11
1869 1868 8
1869 1871 36
1869 2058 28
1870 1874 29
1871 2383 25
1871 1869 36
1871 1873 9
1872 428 7
1872 1867 50
1872 1874 10
1873 2385 24
1873 1871 9
1873 1878 38
1874 2384 40
1874 1870 29
1874 1872 10
1874 1875 5
1875 1874 5
1875 1876 6
1875 1879 29
1876 428 16
1876 1875 6
1877 382 14
1877 1878 6
1878 2386 41
1878 1873 38
1878 1877 6
1878 1880 8
1878 1882 34
1879 1875 29
1880 382 11
1880 1878 8
1881 1883 38
1882 2389 29
1882 1878 34
1882 1883 34
1883 2390 41
1883 1881 38
1883 1882 34
1883 1884 8
1883 1885 8
1884 1883 8
1884 2417 49
1885 1880 106
1885 1883 8
1717 1713 105
1717 1718 4
1717 1837 4
268 1019 29
268 4 104
268 269 104
1221 1219 41
1221 1224 40
2008 2011 23
2008 2014 7
2008 2019 5
1718 2753 4
1718 2625 17
1718 1717 4
1376 1377 11
1376 1378 22
1376 2416 50
1222 1224 33
1222 1226 44
1222 1149 117
2415 1168 17
2415 407 10
1223 1226 49
2009 2014 16
2009 2016 7
2009 2025 3
2010 2013 13
2010 2015 30
2010 2017 15
2010 2496 35
2011 2008 23
2011 2018 30
2011 2020 29
2011 463 40
2012 2015 26
2012 2017 6
2012 2019 5
2013 2010 13
2013 2016 10
2013 2017 12
2014 2008 7
2014 2009 16
2014 2018 14
2015 473 41
2015 2010 30
2015 2012 26
2015 2020 26
2016 2009 7
2016 2013 10
2016 2022 13
2017 2010 15
2017 2012 6
2017 2013 12
8 64 154
8 2638 8
2018 2011 30
2018 2014 14
2018 462 31
2018 2023 15
2018 2025 14
2019 2008 5
2019 2012 5
2019 2026 3
1423 2813 12
1423 1421 14
1423 1394 8
1725 1555 13
1725 1724 5
1725 1726 3
2468 2469 34
2468 2617 125
2469 2469 144
2469 2468 34
1838 1495 15
1838 1616 6
1846 1847 6
1731 1554 13
1731 1732 6
1731 1730 3
1732 1559 143
1732 1731 6
1732 1733 4
120 2002 46
120 1305 54
1922 2096 10
1922 1145 14
1922 1149 14
1923 2086 23
1923 2087 13
1923 2088 15
1923 1919 8
1199 126 63
1199 1183 127
1199 2001 31
1924 2094 34
1925 1919 1
1926 1920 1
1200 628 17
1200 446 23
1927 2086 34
1927 1141 33
1927 2091 10
1424 1420 28
1424 1425 8
1424 2028 11
1201 2767 5
1201 1117 15
1202 1074 6
1202 1075 11
424 1442 7
424 1443 22
424 2765 17
2220 2221 3
2221 1587 20
2221 2101 4
2221 2220 3
2222 1993 4
2223 2224 4
1607 1743 5
2224 2221 50
2224 2223 4
2224 2225 4
2225 2101 98
2225 2224 4
2225 2226 5
290 29 91
290 259 115
2226 2104 11
2226 2225 5
2226 2227 3
2227 2226 3
2227 2230 8
2227 2157 3
2227 1994 4
2228 1994 5
291 471 91
291 664 98
2229 2215 3
2230 2233 9
2230 2227 8
2230 1037 3
292 291 232
292 293 89
2231 2232 4
2231 2103 14
2231 2215 3
293 294 91
293 296 155
1203 441 24
1203 631 22
294 190 92
294 79 226
295 294 116
295 296 119
1204 1426 5
1204 1206 18
1204 2368 8
296 297 233
296 298 119
1205 1938 62
1205 1202 18
297 2059 74
297 406 90
1206 2798 40
1206 1428 30
299 2067 41
299 1040 89
299 2061 61
1207 627 33
1207 1202 25
300 388 92
300 406 234
301 300 91
301 351 112
298 292 116
298 58 121
302 301 99
302 303 78
302 352 74
2242 2240 3
2243 2244 3
2244 2105 5
2244 2243 3
2244 2245 4
303 302 78
303 304 76
303 306 101
2246 2106 10
2246 2247 4
2246 2245 4
2247 2246 4
2247 2248 4
2247 2163 129
2248 2247 4
2248 2253 66
2248 2249 4
304 191 129
304 303 76
304 218 78
2250 2251 4
1839 31 40
305 304 138
2253 2254 4
2253 1039 5
2253 2163 4
2254 2253 4
2255 2256 2
2256 2108 6
2256 2255 2
2256 2164 4
306 305 115
306 309 105
658 519 89
2258 2263 65
2258 2257 3
2258 2259 3
307 302 100
307 306 116
2260 2261 3
2261 2256 65
2261 2260 3
2261 2167 4
308 307 213
2263 2262 4
2263 2265 4
2263 1040 5
2264 2266 3
2265 2263 4
309 308 119
309 88 103
2267 2266 3
2267 2170 3
2267 2171 5
2268 2269 3
2268 2274 64
2268 2172 4
2269 2268 3
310 305 141
310 309 114
1945 2367 20
1945 2368 9
1945 1118 6
2271 2114 3
2272 1278 8
311 217 105
311 308 113
2274 387 8
2274 2275 5
2274 2273 4
2275 2274 5
312 89 223
312 405 116
2277 1950 3
313 315 103
313 318 116
314 311 113
314 313 105
2279 2197 5
2279 2280 4
2279 1949 118
315 216 78
315 316 76
315 90 109
2281 2280 3
2281 2282 3
2281 58 6
316 85 70
316 315 76
316 318 95
2283 2284 4
2284 2285 3
2284 2283 4
2284 1952 5
317 316 121
317 90 114
5 2213 6
5 1973 11
2287 2288 4
2287 2292 68
2287 2175 3
6 275 94
6 665 114
318 80 105
318 312 113
1105 541 57
2291 2290 3
2291 2176 5
2291 2177 4
1425 2031 57
1425 1421 10
1425 1424 8
2293 2292 3
2294 2216 4
2295 2296 3
2295 2180 4
2295 2181 5
1122 1133 33
1122 1179 18
1122 1325 87
2297 2296 3
2298 2299 3
2299 2298 3
2299 2216 66
2299 2182 4
2300 2314 8
2300 2217 3
2300 2183 4
2300 2184 4
2301 2217 3
2302 2303 4
2303 2302 4
2303 1961 3
2303 1958 6
2058 1869 28
2304 1375 5
2305 1963 3
2306 1851 3
2307 2219 4
2308 2309 3
2308 1970 4
2308 2185 3
2309 2308 3
2309 2310 3
2309 2209 40
2310 2309 3
1608 1750 9
2311 2190 5
2311 2191 6
2311 2213 5
2312 2193 3
2312 2194 6
2312 2202 4
2313 2195 6
2313 2196 3
2313 2201 3
1123 1176 70
1123 1134 28
1123 1136 110
1123 1325 63
1060 1473 74
1060 1474 24
1847 1490 7
1847 1846 6
1847 223 13
35 42 47
1848 1491 5
1848 1073 10
1848 1267 9
1849 1850 4
1849 2583 46
1849 2444 18
1850 1849 4
1829 1826 3
1829 1827 4
1829 1603 6
1996 1997 22
1996 2000 24
1997 1996 22
1997 2000 42
1766 1031 7
1766 1764 2
1766 1767 3
1998 2000 5
1777 1579 18
1777 1776 7
1777 1778 3
407 2796 6
407 2626 7
407 1837 13
408 409 89
408 1166 6
409 901 134
409 410 89
410 411 91
410 1161 5
411 899 108
411 412 89
412 413 90
412 1162 8
413 708 81
413 414 91
414 415 73
414 1160 5
415 1127 6
415 1251 9
2020 2011 29
2020 2015 26
2020 2021 22
2021 473 56
2021 2020 22
446 136 63
1782 1577 6
1782 1783 4
1782 1781 2
447 2663 11
447 2664 5
447 2139 32
1783 1782 4
1783 1784 4
1783 1597 4
1783 1806 8
2416 1366 76
2416 1376 50
2416 2417 5
2151 197 6
2151 593 90
2417 1876 38
2417 2416 5
2417 2418 7
2418 2417 7
1785 1784 8
1785 1786 4
1785 2152 91
121 1937 6
2207 2218 3
122 479 113
122 121 114
2208 2187 24
2208 2188 5
2208 2209 4
123 480 111
123 71 223
124 110 114
124 157 115
125 869 75
125 871 36
125 112 114
2209 5 7
2209 2208 4
2209 2210 3
2210 2209 3
2211 2212 4
1789 1782 46
1789 1788 2
1789 1790 4
2212 2189 4
2212 2211 4
2212 1971 6
2213 2311 5
2213 2214 3
2213 1041 36
2214 2213 3
1134 1126 92
1134 1123 28
2761 2770 3
2762 2800 2
2762 2143 4
2762 2748 33
1991 1991 40
1991 1992 31
218 304 78
219 695 91
219 2449 17
219 366 99
1198 1172 54
1198 884 13
1198 2338 41
1198 2339 23
1198 1050 14
2517 1352 43
2517 72 108
2518 2393 11
2518 2521 7
2518 2624 86
2519 2485 8
2519 2623 5
2520 100 11
2520 2619 27
2521 2619 4
2521 267 17
2521 2518 7
1992 106 61
1992 1991 31
1293 142 24
1293 484 175
1293 141 129
2764 621 78
2764 2765 62
2765 424 17
2765 2764 62
2765 132 57
2777 509 11
2777 2776 74
2694 2743 187
2694 2745 341
2694 970 20
1294 1295 16
1294 1309 30
1295 2129 20
1295 1300 48
2840 2808 38
2840 2841 2
2840 2789 3
2841 1348 37
2841 2840 2
2841 1253 35
1209 2494 242
220 95 92
220 192 90
220 2372 24
143 124 114
143 148 118
2747 567 83
2747 568 7
2747 2347 7
144 117 115
144 143 116
1434 472 100
1434 1844 16
2136 611 111
2136 1367 138
145 1382 24
145 143 114
1610 1488 24
1610 1611 5
1611 1610 5
1611 1588 3
1611 1589 4
1612 1613 12
1612 2443 14
1612 1589 4
1613 1612 12
1613 1614 6
1613 938 12
1614 1613 6
1615 1616 5
1616 1492 6
1616 1495 3
1616 1615 5
1617 1496 4
1617 1497 10
1617 1618 3
1618 1617 3
1618 1619 5
1618 1624 48
1619 1618 5
1620 1621 6
1621 1838 41
1621 1620 6
1621 1622 7
146 145 114
146 149 119
1622 1500 12
1622 1621 7
1622 1623 4
1623 1498 6
1623 1622 4
1623 1624 4
1623 1800 8
1624 1623 4
1624 1625 5
1624 1268 6
1625 1624 5
1626 1627 5
1627 542 7
1627 1626 5
1627 1628 4
1628 1499 11
1628 1627 4
1628 1629 4
1629 1504 95
1629 1628 4
1629 1630 4
1630 1501 11
1630 1629 4
1630 1631 3
1630 1800 6
1631 1630 3
1631 1632 4
1631 1636 47
1632 1631 4
1633 1634 4
1634 1502 4
1634 1627 47
1634 1633 4
1635 1503 5
1635 1504 3
1635 1636 4
1636 1635 4
1636 1637 4
1636 1269 7
1637 1636 4
1638 1639 4
1639 1638 4
1639 1640 4
1639 540 6
1367 611 82
147 145 119
147 149 113
2237 2236 4
2237 2238 4
2237 2241 8
2237 2159 4
2835 1054 12
2835 1350 10
2835 1351 10
487 488 90
487 491 122
74 299 113
74 349 90
2583 2584 20
2583 937 23
2584 1072 19
2584 2583 20
488 31 132
488 489 90
2585 2586 22
2585 936 38
2586 2585 22
2586 796 52
2587 2588 22
2587 935 76
2588 2587 22
2588 781 52
75 641 96
75 643 29
76 150 119
76 404 107
77 127 72
77 654 106
2589 2590 22
2589 934 40
2590 2589 22
2590 780 44
489 490 109
489 493 119
2591 2592 21
2591 933 45
2592 2591 21
2592 774 44
2593 2594 19
2593 224 49
2594 2593 19
2594 765 41
2039 2815 14
2039 2038 14
2039 1389 49
1066 1181 4
1066 652 99
490 98 129
491 863 110
491 496 85
2366 2367 18
2367 1075 26
2367 1945 20
2367 2366 18
2368 1427 7
2368 1204 8
2368 1945 9
492 488 120
492 491 91
269 158 89
269 270 138
270 2124 99
270 1017 69
271 2124 15
271 1017 74
271 633 77
1438 2673 12
1438 105 48
1438 2005 22
1439 2673 79
1439 2073 35
493 492 88
493 433 84
1389 2814 38
1389 2039 49
1389 2041 19
319 85 57
319 1854 65
320 321 95
320 201 104
321 239 100
321 323 123
322 238 106
322 321 113
323 328 100
323 374 92
2046 2045 1
2046 2687 57
324 323 100
324 327 107
325 214 94
325 324 92
2047 1062 4
2047 2049 131
2615 2616 94
2615 633 54
326 325 117
326 327 63
326 332 60
2616 2615 94
2616 2474 36
2616 641 12
2616 2516 53
327 240 114
327 326 63
327 328 67
328 327 67
328 329 60
328 330 115
329 33 72
329 328 60
329 374 94
330 368 107
330 373 88
331 919 56
331 377 117
332 213 107
332 1928 212
332 326 60
332 43 208
333 1928 99
333 920 48
334 927 94
334 335 118
335 165 48
335 169 109
494 2847 9
494 1428 21
336 334 60
1345 2839 14
1345 1046 20
1345 202 26
495 2763 6
495 2769 9
495 2749 20
2137 2138 71
496 865 39
496 497 90
2138 2665 46
2138 2669 61
2138 2137 71
2138 2139 19
2139 447 32
2139 2138 19
2139 448 11
497 492 84
497 433 88
944 945 325
944 1087 208
498 96 83
498 2768 86
2676 952 8
2245 2241 7
2245 2244 4
2245 2246 4
2245 2160 5
1280 62 26
1280 2141 14
499 862 130
499 505 90
1592 1593 22
500 497 91
500 499 90
1593 1592 22
1593 1594 11
1593 1194 77
1594 1186 144
1594 1590 20
1594 1593 11
2314 2300 8
2314 2315 8
2314 1960 4
2315 1375 4
2315 2314 8
2315 1962 3
501 500 89
501 507 89
1006 556 45
1006 538 94
1007 967 45
1008 962 47
1008 967 35
2330 2328 4
2330 2331 49
2330 992 32
2331 2323 7
2331 2330 49
2331 533 6
2332 2322 5
2332 966 31
2332 533 12
502 498 92
502 501 93
2396 675 73
2396 178 128
2397 2398 12
2397 2396 9
432 98 231
432 489 173
433 498 91
433 501 93
434 658 82
434 2780 39
503 850 88
503 1817 40
2063 2065 17
2249 2248 4
2443 1612 14
2443 2444 12
2443 1265 8
504 2483 7
504 2836 4
221 360 122
221 227 90
2444 1849 18
2444 2443 12
2444 1267 7
505 506 120
505 527 90
506 500 89
506 507 123
2251 2244 65
2251 2250 4
2251 2252 4
507 605 92
507 1486 151
508 844 95
508 1729 55
2252 2251 4
2252 2161 6
2252 2162 4
1844 1434 16
1844 1840 23
1844 1852 32
1279 2815 9
1279 2378 102
1279 636 12
509 1429 55
509 2472 7
1360 1414 281
1360 2628 313
1356 1004 15
1356 1174 24
272 271 86
272 634 24
273 283 91
273 277 153
274 273 90
274 668 113
275 274 90
275 279 114
1015 1001 16
1015 1480 7
1015 1185 7
510 2808 11
510 512 69
510 2472 57
510 2779 12
2767 96 102
2767 2833 21
2768 494 10
2768 2767 73
2769 2850 42
2769 1484 19
2770 2763 8
2770 2761 3
2770 2769 7
1595 1591 34
1595 1859 32
1595 1596 23
2771 1485 15
2771 2770 34
2771 1944 12
2772 2483 9
2772 2771 30
2772 2482 5
1890 1397 70
1891 1397 22
1891 1892 77
1891 1893 21
1892 1891 77
1893 1891 21
1893 1894 77
1893 1895 18
1894 1893 77
1895 1893 18
1895 1896 78
1895 1897 21
1896 1895 78
1897 1895 21
1897 1898 80
1897 1899 19
1898 1897 80
1899 2610 97
1899 1897 19
1899 1900 21
2776 1429 9
2776 2478 3
2776 2775 8
1900 1899 21
1900 1901 79
1900 1902 20
1887 1181 139
1887 1398 4
511 529 32
1901 1900 79
1902 1900 20
1902 1903 78
1902 1904 18
1903 1902 78
1904 1902 18
1904 1905 76
1904 1906 16
1840 1844 23
1840 1853 99
1840 1435 20
1905 1904 76
1906 2509 22
1906 1904 16
1906 1907 75
1907 1906 75
1908 1211 66
1909 1407 24
1909 1910 76
1909 1911 25
1910 1413 27
1910 1909 76
1910 1912 25
512 510 69
512 514 56
1911 1410 22
1911 1909 25
1911 1912 71
1912 1910 25
1912 1911 71
1912 1913 22
1913 1410 63
1913 1912 22
1913 1057 88
1914 1408 64
1915 1408 23
1915 1916 62
1915 1917 23
1916 1915 62
1917 1915 23
1917 1211 25
1917 1982 87
1640 1507 3
1640 1508 5
1640 1639 4
1641 1509 3
1641 1642 4
1641 1648 45
1642 1641 4
1643 1644 4
1644 1639 45
1644 1643 4
1644 1645 3
1645 1510 5
1645 1644 3
1645 1646 4
1645 1801 8
513 518 93
1646 1507 89
1646 1645 4
1646 1647 4
1647 1512 13
1647 1646 4
1647 1648 4
1648 1647 4
1648 1649 4
1648 1270 7
1649 1648 4
1650 1651 4
1651 1650 4
1651 1652 4
1651 771 6
1652 1513 6
1652 1651 4
1652 1653 4
1652 1801 7
1653 1511 10
1653 1652 4
1653 1654 5
1654 1516 97
1654 1653 5
1654 1655 3
1655 1654 3
1655 1656 5
1655 1660 49
1656 1655 5
1657 1658 5
1658 1651 49
1658 1657 5
1658 1659 4
1659 1514 11
1659 1515 3
1659 1658 4
1660 1516 5
1660 1661 5
1660 1271 6
1661 1660 5
1662 1663 5
1663 1519 5
1663 1662 5
1663 537 6
1664 1520 3
1664 1521 8
1664 1665 4
514 512 56
514 515 58
514 2781 11
1665 1664 4
1665 1666 4
1665 1672 48
1666 1665 4
1667 1668 5
1668 1663 48
1668 1667 5
1668 1669 4
1669 1519 96
1669 1668 4
1669 1670 4
1670 1524 12
1670 1669 4
1670 1671 3
1671 1522 5
1671 1670 3
1671 1672 4
1671 1802 8
1672 1671 4
1672 1673 5
1672 1272 6
1673 1672 5
1674 1675 5
752 2758 14
752 1841 19
752 2822 16
752 1842 21
1675 1674 5
1675 1676 4
1675 536 5
1676 1523 10
1676 1675 4
1676 1677 5
1677 1528 90
1677 1676 5
1677 1678 3
1678 1525 11
1678 1677 3
1678 1679 3
1678 1802 6
1679 1678 3
1679 1680 4
1679 1684 45
753 1529 7
753 1682 6
830 1109 28
830 2150 19
830 1135 12
1680 1679 4
1681 1682 4
754 21 114
754 889 89
755 754 90
755 763 88
756 891 89
756 755 178
757 756 88
757 761 89
1682 1526 5
1682 1675 44
1682 1681 4
758 893 90
758 757 89
1684 1683 4
1684 1685 4
1684 1273 5
1685 1684 4
1686 1687 3
1588 1611 3
1589 1611 4
1589 1612 4
1589 1265 12
515 514 58
515 1942 9
759 760 132
759 764 86
516 1150 11
1390 2027 14
1390 994 25
1390 2122 35
1693 1534 8
1693 1535 4
1693 1692 3
1693 1803 7
1694 1536 4
1694 2413 12
1694 1843 5
760 754 91
760 763 90
1358 688 56
1696 1695 5
1696 1697 3
1696 535 6
1697 1539 5
1697 1696 3
1697 1698 4
1697 1803 7
1698 1537 10
1698 1699 5
1698 1697 4
517 1429 7
517 2804 19
517 2480 53
517 2775 11
242 243 115
242 1968 74
761 1103 43
761 745 178
831 832 91
831 834 92
1703 1702 3
1703 1696 42
1703 1704 3
1704 1540 10
1704 1541 3
1704 1703 3
832 2150 89
832 797 87
762 756 88
762 761 87
1706 1707 4
1707 1545 5
1707 939 5
1707 1706 4
1708 1546 4
1708 1547 14
1708 1709 3
1709 2756 5
1709 1708 3
1709 1275 20
833 1109 47
833 835 88
833 1327 14
763 762 89
763 768 87
959 960 88
959 963 18
960 840 55
960 961 97
961 1008 65
961 965 18
962 2318 7
962 967 30
518 612 79
518 513 93
963 2415 127
963 907 40
1028 1738 23
1711 2751 7
964 960 24
964 963 120
1029 856 81
1029 1742 54
126 1192 17
126 2672 19
126 1438 15
126 2001 8
764 770 93
764 827 92
1030 1567 8
1030 1749 7
127 1940 23
127 396 82
127 399 78
127 451 172
519 518 91
519 520 83
965 964 129
965 906 9
966 2318 20
966 2332 31
966 965 149
765 2592 46
765 933 22
1036 2100 12
1036 1993 4
1039 2258 6
1039 74 90
967 1007 45
967 1008 35
967 962 30
967 2766 121
1033 1034 23
1034 1798 5
766 767 87
766 773 90
834 599 90
1037 915 90
1037 1995 7
1038 2107 4
1038 2248 5
1040 2113 6
1040 2268 5
1041 2202 56
835 832 92
835 834 92
1042 2205 5
1042 1976 6
1719 2752 4
1719 2753 4
1719 1276 6
520 434 91
520 523 103
1720 1551 4
1720 1552 3
1720 1165 3
1721 1722 4
1722 1721 4
1722 1723 3
1722 1165 24
1391 1392 16
1723 2760 10
1723 1722 3
1723 1724 4
1723 1804 7
1067 970 234
1724 1551 49
1724 1725 5
1724 1723 4
767 1102 45
767 768 90
1726 1725 3
1726 1727 4
1726 1368 7
1727 1726 4
1728 1729 5
1729 0 7
1729 1728 5
1729 1730 4
1730 1556 2
1730 1731 3
1730 1729 4
1730 1804 9
768 2412 93
768 769 88
521 518 87
521 520 91
1733 1732 4
1733 1734 5
1733 1735 73
1734 1733 5
1735 1559 5
1735 1736 5
1735 1369 8
1736 1735 5
769 760 89
769 787 90
1392 1391 16
1392 2028 5
1392 2120 28
2646 2648 4
2646 2647 8
2647 2646 8
1737 1738 4
1738 180 9
1738 1606 7
1738 1737 4
1739 1740 5
1739 1746 29
1739 1609 4
1740 1739 5
1741 1742 4
1742 1028 6
1742 1741 4
1742 1743 4
770 775 89
770 788 74
1743 1604 6
1743 1607 5
1743 1742 4
1743 1744 4
1744 1606 57
1744 1743 4
1744 1745 4
910 929 89
1745 1566 211
1745 1744 4
1745 1746 4
771 569 110
771 1644 6
771 1801 3
36 2728 22
36 12 113
1746 1745 4
1746 1747 5
1746 1751 106
522 521 102
522 530 84
1747 1746 5
1748 1749 5
1749 1029 53
1749 1748 5
1749 1750 3
1750 1605 4
1750 1608 9
1750 1749 3
1751 1566 4
1751 1752 5
1751 1372 8
1596 1595 23
1752 1751 5
1753 1754 5
1754 1569 5
1754 1030 6
1754 1753 5
1755 1570 3
1755 1571 9
1755 1756 4
1756 1755 4
1756 1757 5
1756 1763 70
1757 1756 5
1758 1759 5
772 2577 32
772 767 90
772 773 89
523 522 91
523 436 95
1759 1754 71
1759 1758 5
1759 1760 4
1760 1569 140
1760 1759 4
1760 1761 6
1761 1574 14
1761 1760 6
1761 1762 4
1762 1572 4
1762 1761 4
1762 1763 5
1762 1805 9
524 434 104
524 523 91
773 779 86
773 1090 81
1763 1762 5
1763 1765 5
1763 1373 7
1764 1766 2
1765 1763 5
774 2590 40
774 1270 68
1767 1766 3
1767 1768 4
1767 1600 4
1768 1573 13
1768 1767 4
1768 1769 6
1769 1777 139
1769 1768 6
1769 1770 4
1770 1575 4
1770 1769 4
1770 1771 4
1770 1805 9
1771 1770 4
1771 1772 4
1771 1779 70
1772 1771 4
1773 1774 2
1774 1766 71
1774 1773 2
1774 1775 3
525 2777 82
525 524 92
1775 1774 3
1775 1776 4
1775 1599 9
1775 1806 13
1776 1777 7
1776 1768 140
1776 1775 4
775 732 93
775 825 92
1778 1576 4
1778 1777 3
1778 1779 3
1779 1032 9
1779 1778 3
1779 1780 4
1780 1779 4
1781 1782 2
1393 1421 7
1393 1394 11
1393 2028 16
776 2411 88
776 789 89
1784 1578 12
1784 1783 4
1784 1785 8
526 522 96
526 436 91
1786 1785 4
1786 1787 5
1786 1792 45
1787 1786 5
1788 1789 2
777 2571 35
777 776 178
777 784 88
1790 1580 5
1790 1789 4
1790 1791 4
1790 1598 4
1791 1784 91
1791 1790 4
1791 2152 5
1792 1033 7
1792 1793 3
1792 2152 4
1793 1792 3
1794 1795 4
778 2572 42
778 2574 36
778 772 87
1795 1582 6
1795 1794 4
1795 1796 4
1796 1585 9
1796 1795 4
1796 1797 4
1796 1807 7
1797 1583 10
1797 1796 4
1797 2153 6
1798 1035 32
1798 1799 6
1798 2153 3
1799 1798 6
779 778 90
779 782 86
527 516 89
527 526 90
1135 1180 2
1135 830 12
1135 1137 56
1135 1138 178
1961 2303 3
1961 1962 5
1961 1959 12
1962 2315 3
1962 1961 5
1962 1965 103
780 2588 37
780 935 25
1963 2303 54
1963 2305 3
1963 1964 4
1964 1961 105
1964 1963 4
1964 1965 5
1965 1851 6
1965 1964 5
1965 1966 29
1136 1126 185
1136 1178 18
1136 1123 110
781 2586 37
781 1268 39
528 506 90
528 527 88
1394 1423 8
1394 1393 11
1394 1395 8
1137 1108 6
1137 1178 2
1137 1135 56
782 1085 45
782 1088 77
161 291 89
161 293 152
783 778 88
783 782 90
529 511 32
529 521 82
784 783 88
784 793 89
1252 1889 15
1252 2805 2
1252 1253 83
1253 2806 2
1253 2841 35
1253 1252 83
1312 2127 109
1312 1314 14
785 776 90
785 784 89
1254 2802 2
1254 2143 57
1254 2481 23
1055 2633 9
1055 2506 6
786 1087 27
1138 931 5
1138 1135 178
1138 1159 3
1056 2608 9
1056 1405 105
1056 1988 42
787 764 57
787 788 89
1057 2536 49
1057 1913 88
1057 2427 7
1057 2429 34
1139 1132 32
1139 1133 28
1139 1140 36
530 1241 5
530 1244 105
530 1249 184
788 2411 90
788 789 89
1058 1055 55
1058 2507 9
1140 1125 17
1140 1130 17
1140 1139 36
2740 2741 61
2741 2671 105
2741 2740 61
2741 134 77
789 775 90
789 790 89
790 785 90
790 791 89
243 244 115
243 246 92
244 245 115
244 1955 188
245 1884 11
245 1885 10
1395 2813 10
1395 1422 16
1395 1394 8
531 526 86
531 530 97
2627 1473 8
2627 1419 16
2627 975 10
2628 1417 16
2628 1360 313
2628 1457 49
791 786 90
791 798 122
792 721 92
792 785 89
792 791 90
793 1101 44
793 792 88
794 783 90
794 793 90
795 740 175
795 794 89
796 2584 24
796 937 23
1313 108 11
1313 1314 15
797 205 97
1837 1717 4
1837 905 5
1837 2446 11
1599 1775 9
1314 2649 101
1314 1312 14
1314 1313 15
798 799 85
798 823 92
1265 1488 8
1265 1266 7
1266 1489 7
1266 1848 7
2048 2052 8
2048 1061 5
2048 1064 66
2048 2687 6
1267 1848 9
1267 2444 7
1267 1266 10
799 786 136
799 798 85
1268 1631 5
1268 1800 4
1269 1641 7
1269 780 53
1270 1512 4
1270 1655 5
1271 1665 7
1271 765 84
1272 1679 5
1272 1802 4
1273 941 60
1273 1689 7
1274 1538 4
1274 1700 5
800 2410 34
1275 1715 35
1276 2794 4
1276 408 103
801 800 92
801 804 183
801 205 91
1277 1550 4
1277 1374 4
2049 2052 4
2049 2047 131
2049 2050 3
2049 2051 60
802 797 91
802 801 90
148 115 117
148 147 114
803 932 26
803 802 90
149 76 228
149 141 117
804 836 90
804 803 90
150 146 113
150 151 232
151 18 106
151 152 117
805 800 93
805 1022 50
152 153 113
152 155 111
806 805 90
806 810 89
807 806 88
153 156 115
153 403 117
1196 1192 121
1196 1193 86
1196 1480 99
78 5 145
154 153 111
154 155 115
155 70 106
155 394 115
808 836 121
808 803 91
1600 1767 4
809 805 90
809 810 120
156 114 116
156 118 112
810 811 122
810 817 91
157 123 234
157 144 113
811 807 90
811 812 117
812 819 90
2273 2117 17
2273 2274 4
2273 2173 6
813 820 91
813 821 90
2481 1889 62
2481 2803 2
2481 1254 23
2482 2772 5
814 808 89
814 1328 33
815 828 91
815 1024 43
1811 1812 4
816 809 91
816 815 90
817 816 92
817 826 88
818 811 90
818 817 90
819 818 90
819 824 90
820 813 91
820 819 90
821 1093 31
821 823 90
822 829 78
822 1328 134
2041 2814 82
2041 635 27
2041 1389 19
2041 2560 25
823 820 89
823 821 90
824 732 90
824 823 90
825 818 91
825 824 91
2471 2778 4
2472 509 7
2472 510 57
2472 2842 9
2472 2778 10
826 770 93
826 825 90
1841 2598 44
2215 2102 7
2215 2229 3
2215 2231 3
2216 2294 4
2216 1955 5
2216 2179 4
2217 471 6
2217 2300 3
2217 2301 3
827 816 89
827 826 91
2218 2186 4
2218 2219 43
2218 2207 3
828 759 92
828 827 92
829 814 91
829 1025 48
1224 1219 8
1224 1221 40
1224 1222 33
2316 2488 54
2316 2489 31
2316 2744 240
2316 2491 240
1225 1226 3
1226 1222 44
1226 1223 49
1226 1225 3
1812 1811 4
1812 1813 4
1812 1370 6
2423 1414 13
2424 1361 4
2424 1414 8
2424 2629 65
2424 2428 71
2425 2629 4
2425 2633 11
2425 2432 54
1119 2309 18
1119 664 113
2701 2696 25
2701 2697 6
2701 2699 3
1183 1193 11
1183 1199 127
1183 1383 14
2027 1390 14
2027 2029 55
2027 2120 3
2028 1424 11
2028 1392 5
2028 1393 16
2029 2027 55
1184 1193 11
1184 1480 23
1184 1185 21
1813 1563 5
1813 1602 22
1813 1812 4
1813 1814 4
389 301 117
389 303 99
391 1939 67
391 395 66
391 397 124
390 298 117
390 1353 80
392 395 246
392 396 100
393 99 115
393 399 123
1185 1001 86
1185 1015 7
1185 1184 21
394 77 115
394 140 114
2702 2705 25
2702 2696 29
2702 2699 25
2702 2710 19
2702 907 28
395 1940 43
395 391 66
395 655 113
2703 2705 10
2703 2698 7
2703 2699 7
396 476 78
396 393 230
2704 2705 21
2704 2446 47
397 392 99
397 459 116
398 2859 6
398 18 78
398 152 106
2705 2702 25
2705 2703 10
2705 2704 21
2705 2695 23
399 70 76
399 127 78
399 394 107
400 2134 75
400 398 123
2706 2707 22
2706 534 53
2707 2706 22
2707 2696 28
2707 2697 11
2707 2708 23
1250 931 13
1250 1159 14
401 646 109
401 402 117
1251 895 64
1251 1127 12
402 97 117
402 73 122
403 146 116
403 151 113
1044 1045 71
1045 487 62
1045 1044 71
1852 1844 32
1852 1853 8
1852 1448 9
163 162 63
1814 1827 124
1814 1813 4
1814 1815 5
164 11 188
164 45 115
164 92 71
933 2593 42
933 766 169
934 2591 45
934 774 26
935 2589 44
935 1086 86
936 2587 104
936 781 25
1316 1318 36
1316 1319 111
1316 1321 23
165 336 119
165 166 92
937 1083 45
937 1091 182
938 740 169
938 1849 18
938 2443 18
1317 184 32
1317 1319 24
1475 2682 9
1475 2675 10
1475 1476 125
166 162 111
1318 1316 36
1318 1319 76
1318 1320 9
1319 1316 111
1319 1317 24
1319 1318 76
128 461 24
2026 2019 3
1320 1318 9
167 37 94
1853 1840 99
1853 1852 8
1853 1446 11
2448 693 68
2448 2449 52
2693 1247 5
2693 1153 80
2693 1862 29
1321 1316 23
1321 579 33
2449 219 17
2449 2448 52
1322 1359 55
1815 1836 99
1815 1814 5
1815 1817 5
1816 1817 5
1450 1449 26
1450 435 16
2836 2480 3
2836 504 4
2836 2837 9
2836 2838 10
2837 2836 9
2837 1943 6
2837 2774 4
2838 2803 4
2838 2836 10
2496 473 86
2496 2010 35
1609 1606 5
1609 1739 4
1609 1745 57
448 2668 38
448 2139 11
449 136 44
450 449 49
450 139 81
451 129 84
451 654 47
452 391 86
452 655 44
453 441 62
453 452 105
1281 2553 14
1281 1291 28
1281 2554 10
1282 2641 17
1282 2642 42
1282 1283 8
1282 1287 8
1283 1282 8
1283 1284 28
1283 1288 23
1283 1289 17
1284 1283 28
1284 1286 24
1284 1292 11
1285 2393 78
1285 2553 21
1285 1291 27
1286 1284 24
1286 1289 8
1286 2559 23
2675 1475 10
1287 2549 20
1287 1282 8
1288 2544 8
1288 1283 23
1288 1292 38
1289 2548 7
1289 1283 17
1289 1286 8
1809 1557 17
1809 1558 11
1809 1810 4
1290 2547 39
1290 2550 29
1290 2552 28
1290 2559 35
2148 2599 13
2148 2823 36
2149 2757 13
2149 1705 7
2149 2148 37
1291 1281 28
1291 1285 27
1291 2556 21
1291 2557 21
2132 2133 84
1292 2547 8
1292 2637 9
1292 1284 11
1292 1288 38
2133 1426 59
2133 2845 38
2133 2798 3
2133 2132 84
1437 1099 59
1437 1100 9
1437 1384 3
2094 873 87
2094 1924 34
2094 2095 20
2094 1144 21
2095 2098 38
2095 2094 20
2095 15 21
2095 1144 8
435 606 104
2842 2806 1
2842 2472 9
2842 2790 5
436 525 92
436 528 183
437 519 83
437 2782 97
1817 838 21
1817 1815 5
1817 1816 5
2821 2758 6
2822 2758 9
2822 2599 40
2822 2823 15
2823 1701 17
2823 2822 15
2823 1842 6
246 290 93
246 2445 201
2824 696 83
2824 2825 45
247 625 63
247 386 113
2825 689 33
2825 2824 45
248 474 117
248 252 61
249 248 168
249 260 91
1255 981 122
1255 1442 8
1255 1191 14
1255 2750 226
337 338 98
337 344 76
337 352 77
338 339 91
338 343 113
339 340 91
339 350 230
340 916 90
340 341 151
19 14 66
19 1000 93
341 342 91
341 348 122
342 339 226
342 343 90
416 417 70
416 1336 7
343 344 95
343 346 94
417 731 68
417 418 90
20 228 91
20 1329 16
344 694 197
344 337 76
344 345 93
418 419 91
418 1333 5
345 482 94
345 344 93
345 346 95
421 422 87
421 2409 41
346 347 90
346 356 94
423 1168 6
423 407 14
419 193 7
419 420 88
347 342 92
347 348 91
348 914 91
348 357 122
420 421 91
420 1330 7
349 340 153
349 350 91
422 1358 35
422 1339 5
350 300 112
350 351 91
351 338 115
351 352 98
2629 2424 65
2629 2425 4
2629 2630 4
352 669 84
352 302 74
352 337 77
2630 2629 4
2630 2634 23
2630 2431 7
2630 2435 63
353 354 91
353 361 95
354 355 93
354 358 91
355 347 93
355 356 91
356 482 94
356 353 95
357 355 91
357 358 122
2631 2632 30
2632 2631 30
2632 2633 4
2632 2506 9
358 912 90
358 359 125
1047 1204 28
1047 1945 23
359 681 39
359 360 60
359 227 251
1048 1082 25
1048 426 35
2633 2537 88
2633 2425 11
2633 2632 4
2634 2630 23
360 354 95
360 359 60
360 361 62
2635 1218 61
361 360 62
361 362 63
361 364 124
2819 310 10
362 481 94
362 700 69
362 361 63
362 363 125
363 362 125
363 364 96
363 366 119
1810 1808 5
1810 508 8
1810 1809 4
364 221 92
364 365 123
365 192 95
365 366 121
366 702 128
366 219 99
366 363 119
367 376 93
367 203 133
368 367 109
368 369 127
369 235 121
369 376 113
370 368 119
370 373 110
371 749 50
372 2398 145
372 1471 54
373 329 116
373 372 102
374 320 248
374 93 104
375 672 73
375 626 107
376 234 91
376 241 133
377 923 54
377 378 182
378 94 157
378 177 101
379 11 95
250 532 53
380 165 110
380 162 63
380 169 24
1476 2678 53
1476 1475 125
1977 1431 19
1977 1433 34
1977 1978 17
1978 1977 17
1978 1979 18
1978 1980 56
1010 925 35
1010 1011 92
1979 1430 76
1979 1978 18
1979 1981 56
1011 1010 92
1011 168 56
1330 1332 77
1330 1335 41
1330 1156 18
1331 1338 7
1332 419 5
1332 1330 77
1332 1333 79
1333 1332 79
1333 1337 78
1333 1155 21
1334 1335 3
1335 1330 41
1335 1334 3
1335 1341 38
222 95 96
222 226 124
11 164 188
11 379 95
11 38 116
12 48 107
12 950 64
13 50 89
13 52 159
224 942 21
224 1456 29
1336 1170 11
1336 1337 62
1336 1163 15
225 1358 35
225 422 21
226 220 63
226 580 185
1337 417 5
1337 1333 78
1337 1336 62
227 682 61
227 222 169
1338 416 14
1338 1331 7
1338 929 16
2059 388 82
2059 2060 6
2060 2070 40
2060 2059 6
2060 2062 68
2061 2062 6
2061 1354 8
2062 2068 35
2062 2060 68
2062 2061 6
37 380 47
37 575 92
2346 2357 9
2346 2365 7
2346 2349 23
38 34 36
38 44 95
39 1933 18
39 44 59
2347 2747 7
2347 2348 62
2347 2355 51
2347 2340 6
2348 571 10
2348 2347 62
2348 2349 62
2348 2345 27
2349 572 13
2349 2346 23
2349 2348 62
2349 2350 25
2683 1443 7
2684 1442 11
2684 1443 20
2684 1191 9
2350 2349 25
2350 2351 8
2350 2355 49
2351 2361 18
2351 2350 8
2351 2353 4
2695 2705 23
2695 2698 19
2695 2709 3
2695 2446 32
2352 2364 1
2353 2357 5
2353 2360 12
2353 2351 4
2696 2701 25
2696 2702 29
2696 2707 28
2696 2711 19
2696 534 32
2697 2701 6
2697 2707 11
2697 2700 6
2354 2361 13
2354 2362 33
2354 2355 11
2355 2347 51
2355 2350 49
2355 2354 11
406 295 234
406 389 91
2491 1348 9
2491 2316 240
2491 2852 246
2698 2703 7
2698 2695 19
2698 2700 4
2699 2701 3
2699 2702 25
2699 2703 7
2152 1584 56
2152 1791 5
2152 1792 4
2153 1797 6
2153 1798 3
2153 2154 133
2154 2100 34
2154 1818 5
2154 1821 3
2155 2101 3
2155 2226 98
2155 2377 4
2156 2377 3
2157 2227 3
2158 2233 3
2700 2697 6
2700 2698 4
2700 2708 21
2001 1199 31
2001 126 8
2001 2005 12
2002 2003 28
2002 2006 19
2003 2002 28
2003 2004 20
2003 1305 45
2004 2003 20
2004 2005 75
2004 2006 20
1980 1433 39
1980 1978 56
1980 1981 18
2159 2237 4
2050 1070 3
2050 2053 73
2050 1062 132
2050 2049 3
2160 2245 5
1981 1430 22
1981 1979 56
1981 1980 18
2005 1440 19
2005 1438 22
2005 2001 12
2005 2004 75
2006 105 50
2006 2004 20
659 457 47
660 83 36
660 659 108
2161 2252 6
661 435 80
661 662 104
1021 2617 10
1021 1982 54
662 476 55
2164 2109 12
2164 2256 4
2164 2165 4
2165 2164 4
2165 2169 129
2165 2257 4
2166 2257 4
2167 2261 4
2167 2164 129
2167 2169 4
2168 2262 6
1116 2739 45
1116 13 65
1966 1119 12
1966 1970 25
15 2095 21
15 1146 131
16 11 116
16 45 187
1967 1964 33
1967 1966 7
129 2056 7
129 135 29
1968 1963 19
1968 1967 7
1969 2219 4
1969 1967 18
1969 1970 4
1970 2188 82
1970 2308 4
1970 1969 4
1971 2218 9
1971 23 83
1972 2186 18
1972 1971 5
1973 2190 12
1973 1972 6
1974 2199 6
1974 261 73
1975 2192 11
1975 1974 6
1976 2204 10
1976 1975 5
2708 2754 22
2708 2707 23
2708 2700 21
2708 2709 22
2709 2695 3
2709 2708 22
2369 2370 9
2369 2371 27
2369 2372 37
2710 2702 19
2710 2711 32
2370 2369 9
2370 2371 18
2370 2376 19
2371 744 53
2371 2369 27
2371 2370 18
2711 2696 19
2711 534 29
1435 28 122
1435 1840 20
1435 252 82
2372 220 24
2372 2369 37
2372 2376 9
2652 2651 155
2652 2653 8
2652 2654 46
2653 2651 121
2653 2652 8
2653 2654 42
195 599 90
196 2151 91
196 833 91
196 1326 123
2373 2374 14
2374 2373 14
2374 580 63
2375 2376 8
2376 2370 19
2376 2372 9
2376 2375 8
2797 2679 11
2797 2680 14
633 2542 8
1948 2276 5
1948 2115 10
1948 1949 5
634 2125 7
947 949 57
1353 297 10
1353 1354 172
1949 2116 22
1949 1948 5
1949 1951 3
948 177 121
948 333 172
1354 390 47
1950 2277 3
1950 2281 59
1950 1951 4
949 51 155
1951 2280 117
1951 1949 3
1951 1950 4
1952 2197 6
1952 1366 71
1953 2197 14
1953 2279 12
1953 1952 9
950 35 30
950 42 59
1954 1953 6
1954 2175 10
1955 2290 4
1955 1956 7
951 41 106
951 1145 63
1956 1957 5
1956 2177 9
2654 2655 47
2654 2652 46
2654 2653 42
1957 59 6
1957 2180 11
1958 2299 6
1958 243 96
1959 1958 4
1959 2182 12
1960 1962 12
1960 1959 5
2422 2754 11
2422 2706 45
130 426 4
130 132 80
2445 1947 18
2445 666 29
131 130 34
1083 2585 7
1083 1089 89
1085 795 95
1085 1089 77
1086 779 80
1086 1090 86
1087 721 62
1088 936 89
1088 1089 45
1089 1083 89
1089 1085 77
1089 1088 45
1089 1091 45
1090 934 86
1091 795 153
1091 1089 45
1092 2825 8
1092 1084 88
2617 2468 125
2617 1021 10
2162 2246 129
2162 2252 4
2162 2163 4
2022 2016 13
2022 462 54
2163 2110 10
2163 2253 4
2163 2162 4
1936 485 159
1936 1346 34
2169 2262 3
2169 2113 11
2169 2167 4
2170 2112 10
2170 2267 3
2170 2172 4
2171 2267 5
2145 2146 38
2146 2145 38
2146 2147 22
2146 2140 279
2172 2268 4
2172 2273 126
2172 2170 4
2147 2146 22
2147 2140 141
2147 970 241
995 946 47
995 1068 27
1346 1936 34
1941 955 45
1941 1942 42
1941 2783 11
1942 515 9
1942 1941 42
1942 2854 10
1942 2856 9
2173 2114 4
2173 2273 6
2173 2170 127
1862 1246 3
1862 1152 78
1862 2693 29
1342 1127 2
1342 1128 28
1342 1177 32
1342 1343 257
1012 879 43
1012 1013 89
1451 2343 5
1013 878 40
1013 883 41
1343 1342 257
1452 2345 9
1943 2837 6
1943 2774 8
1944 2144 23
1944 2483 22
1944 2771 12
2075 2077 4
2075 2078 12
2075 2080 3
40 15 102
40 41 117
40 92 115
2076 2077 2
2076 2079 3
2076 2080 7
2077 2075 4
2077 2076 2
2077 2078 15
41 40 117
1453 2345 4
2078 1143 101
2078 2075 12
2078 2077 15
2079 2087 10
2079 2076 3
2079 2081 8
1454 2359 4
2080 1142 19
2080 2075 3
2080 2076 7
904 1707 48
904 2422 8
2081 2079 8
2082 2098 1
2082 1144 36
2082 1920 11
2082 1921 6
905 1712 49
906 603 85
906 908 91
907 2702 28
907 2704 49
907 2710 23
1210 2513 4
1210 2502 85
1210 2503 122
1823 1795 67
1823 1820 4
1823 1822 4
908 964 51
908 907 181
1344 208 18
1344 1459 13
1211 1990 22
1211 1908 66
1211 1917 25
1212 998 114
1212 2426 10
404 97 123
404 102 77
404 73 79
1854 1221 70
1854 319 65
1854 322 124
1213 2534 4
1213 1215 65
1213 2426 130
1214 1215 41
1215 2523 51
1215 1213 65
1215 1214 41
1383 1183 14
1383 1296 152
1383 1301 51
1383 1308 28
2140 1348 30
2140 2146 279
2140 2147 141
132 623 31
132 2765 57
132 130 80
133 2047 88
1216 2532 19
1216 2535 54
1216 1217 26
1217 1216 26
1218 2535 48
1218 1417 16
1218 2635 61
88 2042 87
88 89 118
89 308 105
89 405 113
90 671 67
90 1110 83
91 672 80
91 1114 6
91 1115 16
1049 1256 5
1049 636 87
228 1179 10
228 910 92
228 587 32
229 2397 118
229 371 113
53 1107 71
53 1463 10
54 748 84
54 225 145
55 588 93
55 2401 171
2620 1352 10
2620 2521 1099
2620 2624 16
2621 2645 101
2621 2484 6
2621 2622 7
2622 2485 5
2622 2621 7
2622 2623 7
2623 2620 15
2623 2622 7
2623 2624 9
2624 2812 7
2624 2518 86
2624 2620 16
2624 2623 9
2494 1208 98
2494 1209 242
2494 2495 139
2495 2494 139
1842 2414 20
2377 2155 4
2377 2156 3
2377 1993 4
197 1176 14
197 2151 6
197 20 102
1046 7 54
1046 1345 20
198 188 88
198 199 78
199 676 77
199 182 92
200 367 90
200 370 108
201 86 92
201 319 129
1296 1383 152
1296 1303 46
1297 1478 29
1297 120 172
1298 1477 45
1298 1441 110
1298 1300 68
1298 1308 69
1299 1477 15
1299 1478 43
1299 1479 15
1299 1311 38
1300 1295 48
1300 1298 68
1300 1306 1
1300 1308 73
1301 1479 79
1301 1383 51
1301 1310 24
1302 1303 72
2034 2644 8
2034 1256 15
2034 2035 18
2035 486 18
1303 1296 46
1303 1302 72
1303 1309 21
1303 1999 31
1304 2648 5
1304 2649 18
1304 1307 39
1304 1309 88
2051 2055 28
2051 1071 3
2051 2043 42
2051 2044 14
2051 2049 60
1305 120 54
1305 2003 45
1305 1310 94
1305 1311 18
1306 1300 1
1306 1309 48
1306 1999 24
1307 1304 39
2499 2511 9
2499 2512 6
2499 2605 7
2766 967 121
2500 2606 34
2500 1860 85
2501 1402 5
2501 2441 10
1308 1383 28
1308 1298 69
1308 1300 73
2502 1210 85
2502 2503 10
2502 2438 65
2503 2502 10
2503 2504 6
2503 1987 14
2504 2513 123
2504 2503 6
2505 2454 33
2505 2504 13
2505 1987 10
162 163 63
162 167 55
162 380 63
1309 1294 30
1309 1303 21
1309 1304 88
1309 1306 48
1310 1440 99
1310 1301 24
1310 1305 94
1311 1478 68
1311 1479 43
1311 1299 38
1311 1305 18
2506 2466 48
2506 1055 6
2506 2507 55
2507 2613 90
2507 1406 45
2507 1058 9
1818 1797 133
1818 2154 5
1818 1822 4
42 950 59
42 46 62
43 34 63
43 1933 133
43 332 208
43 44 28
44 164 117
44 39 59
45 40 86
2474 2395 11
2474 2542 20
2474 2616 36
2474 2516 47
641 2543 17
641 2616 12
1368 687 103
1368 1733 6
1369 1561 7
1369 1830 6
23 6 137
23 261 107
1370 685 106
1370 1826 57
2475 2816 9
2475 636 12
2851 2810 75
2851 2855 1
2851 2791 5
1371 1565 6
1371 1739 8
642 2516 22
642 2126 71
1372 683 132
1372 1756 6
1373 1771 7
1373 1805 5
2852 2807 2
2852 2491 246
2852 2855 43
2853 2854 2
2854 1942 10
2854 2853 2
2854 2782 11
2855 954 77
2855 2851 1
2855 2852 43
2856 2807 2
2856 1942 9
2856 2788 5
1446 1436 108
1446 1853 11
1447 1839 92
1447 1448 69
2426 2533 9
2426 1212 10
2426 1213 130
251 1120 67
251 22 84
2427 2533 90
2427 2534 116
2427 1861 23
2427 1057 7
2427 2428 67
643 75 29
2428 1861 63
2428 2424 71
2428 2427 67
252 32 40
252 1435 82
252 260 128
253 247 60
253 463 114
254 81 91
254 253 224
255 27 60
255 381 62
255 256 119
2429 998 15
256 65 90
256 257 115
257 385 91
257 254 115
258 255 114
258 57 120
259 383 93
259 258 116
260 28 86
260 250 124
644 484 93
644 102 123
663 161 133
664 78 94
664 663 89
665 290 115
665 666 93
666 242 85
667 275 112
667 665 93
668 26 230
668 667 90
1022 804 43
1022 1023 89
645 486 38
645 637 53
645 638 161
1023 809 64
1023 1022 89
2430 2497 8
2430 2498 7
2430 2431 5
2431 2605 98
2431 1414 94
2431 2630 7
2431 2430 5
1024 814 49
1024 1025 91
2432 2425 54
2432 2433 68
2432 2435 17
2432 2436 11
2433 2606 62
2433 1860 10
2433 1190 40
2433 2432 68
2433 2434 9
1025 828 42
1025 1024 91
2434 1357 30
2434 2433 9
2434 2435 61
2435 2605 8
2435 2630 63
2435 2432 17
2435 2434 61
2436 1058 17
2436 2432 11
968 431 20
969 1031 72
969 968 124
46 36 96
46 43 110
1999 1303 31
1999 1306 24
1999 2000 8
2437 2606 7
2437 2438 64
2437 2440 16
2437 2441 24
2438 2502 65
2438 2437 64
2438 2439 27
2438 2441 58
2438 2442 10
2000 1996 24
2000 1997 42
2000 1998 5
2000 1999 8
970 2694 20
970 1067 234
970 2147 241
654 450 55
2439 2438 27
2439 996 102
971 2670 113
971 1064 53
972 2671 8
972 104 13
2440 2606 8
2440 2437 16
2440 996 7
2441 2501 10
2441 2437 24
2441 2438 58
454 866 77
454 124 119
655 1077 43
1448 1852 9
1448 1446 26
455 479 116
455 2046 43
455 971 42
1191 1186 248
1191 2662 156
1191 1255 14
1191 2684 9
656 68 40
92 873 92
92 164 71
92 39 235
93 33 126
93 375 105
2748 2845 47
2748 2762 33
2748 2750 259
973 1003 29
974 1003 23
974 973 34
975 2477 3
976 2627 17
2749 2847 33
2749 2799 12
2749 495 20
2750 1426 86
2750 1255 226
2750 130 14
456 449 113
456 139 76
977 978 31
977 1173 125
978 997 317
657 477 74
657 656 115
2691 1233 8
2691 1151 75
2691 2692 33
134 2667 12
134 2668 6
134 1208 18
134 2741 77
457 475 141
457 458 105
2692 1234 10
2692 2691 33
2692 1866 10
1068 721 112
1068 1095 24
1068 995 27
2792 2850 4
2793 2844 3
458 392 115
458 459 100
1050 1198 14
1051 957 23
1051 1050 61
459 432 105
459 460 105
1052 1169 5
1052 883 53
1052 956 71
1052 991 92
1053 1169 14
1053 1014 22
1053 1350 82
1054 1946 14
1054 883 64
1054 2835 12
1054 2492 15
460 457 207
460 461 102
2442 2510 4
2442 2501 89
2442 2438 10
461 128 24
461 1447 104
461 2470 106
1819 1821 6
1117 1427 12
1117 425 7
1117 2833 4
2830 2831 6
2831 2827 9
2831 2784 9
1118 1427 6
1118 425 15
462 84 114
462 2018 31
462 2470 125
463 2011 40
463 2021 55
463 462 92
464 247 114
464 463 91
2554 2546 40
2554 2547 15
2554 1281 10
2555 2040 74
2555 2556 5
2556 2379 17
2556 1291 21
2556 2555 5
2556 2557 14
2557 2643 50
2557 1291 21
2557 2556 14
2558 2548 16
2558 2640 16
2558 2559 24
2559 1286 23
2559 1290 35
2559 2558 24
465 464 93
465 466 115
1396 2393 54
1396 2812 48
1396 2379 55
2560 2040 21
2560 2378 82
2560 2041 25
2742 371 5
466 1582 99
466 467 117
467 429 130
467 248 63
1820 1823 4
2788 2856 5
2789 2840 3
468 625 116
468 386 94
2790 2842 5
2791 2851 5
79 161 91
469 2108 92
469 468 114
470 2399 51
470 469 114
1993 2222 4
1993 2377 4
1993 1994 49
1264 1094 47
1994 2227 4
1994 2228 5
1994 1037 6
1995 2233 4
1995 2234 3
1995 2240 65
1988 2466 43
1988 1403 42
1988 1405 43
1988 1056 42
1597 1783 4
202 1345 26
202 1854 68
203 1468 34
204 589 88
204 590 137
2516 2394 81
2516 2618 83
2516 2616 53
2516 2474 47
2516 642 22
1144 2094 21
1144 2095 8
1144 2082 36
1145 1922 14
1145 951 63
1145 1149 14
2257 2258 3
2257 2165 4
2257 2166 4
24 62 154
24 993 30
24 994 11
56 24 124
56 25 114
1194 1182 63
1194 1593 77
1194 1195 9
2073 105 43
2073 2074 18
1195 1182 67
1195 1399 161
1195 1194 9
1146 951 109
1146 1148 20
1147 2096 45
1147 1148 13
1147 1921 16
2446 1837 11
2446 2695 32
2446 905 6
1148 1146 20
1148 1147 13
1843 2413 6
1843 1274 2
2773 2479 4
2773 2480 9
2773 2837 6
2774 504 13
2774 2772 9
2775 605 106
2775 2773 72
575 379 116
575 38 95
576 209 89
576 1026 72
1919 1923 8
1919 1925 1
1919 1920 34
1920 1926 1
1920 2082 11
1920 1919 34
577 947 88
577 578 148
1845 1483 32
578 211 89
578 1321 124
1863 1152 10
1863 1864 8
1863 1865 20
579 212 92
579 176 95
1864 1863 8
1921 2098 6
1921 2082 6
1921 1147 16
580 684 86
580 581 118
1598 1790 4
1865 1152 22
1865 1154 44
1865 1863 20
581 746 83
581 582 129
1866 2692 10
582 686 84
582 54 172
2778 2777 10
2778 2471 4
2778 2472 10
583 181 79
583 187 92
584 178 95
584 229 106
2470 659 61
532 604 89
532 854 89
585 717 90
585 583 89
2779 524 58
2779 2778 75
586 55 89
586 585 132
2636 2394 58
2636 1121 56
2636 2618 57
587 194 91
587 2403 90
2780 512 10
2780 2779 91
588 589 270
588 590 90
589 185 92
589 198 88
2781 658 24
2781 2780 74
590 591 130
590 206 90
591 592 90
591 594 91
2782 515 11
2782 2781 76
533 547 111
533 2331 6
533 2332 12
592 588 129
592 2401 92
2783 2854 56
2783 1014 84
1821 1036 24
1821 2154 3
1821 1819 6
593 592 92
593 594 91
1822 1586 3
1822 1823 4
1822 1818 4
594 196 90
594 596 89
1149 1222 117
1149 1922 14
1149 1145 14
2784 955 11
2784 2783 58
595 835 90
595 196 89
25 27 60
25 637 7
25 2136 9
596 595 92
596 598 91
2785 1054 4
2785 2830 7
597 591 90
597 596 91
598 208 88
599 595 92
599 598 90
1014 437 74
2833 1117 4
2833 2834 4
2834 2833 4
2786 878 75
2786 2492 61
2787 2786 81
874 539 86
205 801 91
206 53 35
206 597 134
57 60 113
57 56 121
58 2287 5
58 1954 5
168 334 121
169 380 24
169 170 37
1388 2645 10
1388 2515 78
405 311 105
405 313 112
1458 2486 5
1458 208 66
1459 1344 13
1459 1460 39
1460 1459 58
1460 1461 7
1460 1380 12
2126 2543 12
2126 641 31
1461 680 13
1461 1462 55
1462 231 67
1462 1463 53
1463 231 44
1463 1464 61
1464 1465 42
1464 1355 56
1465 678 10
1465 1467 79
1800 1500 5
1800 1623 8
1800 1630 6
1801 1511 5
1801 1645 8
1801 1652 7
1801 771 3
1802 1524 4
1802 1671 8
1802 1678 6
1466 678 64
1466 204 85
1803 1693 7
1803 1697 7
1803 535 4
1467 203 58
1467 1468 44
1468 677 10
1468 1469 69
1804 1554 4
1804 1723 7
1804 1730 9
1469 200 45
1469 1470 35
1805 1574 5
1805 1762 9
1805 1770 9
1805 1373 5
1806 1577 3
1806 1783 8
1806 1775 13
1807 1581 9
1807 1583 5
1807 1796 7
2259 2258 3
1470 2398 83
1470 200 26
1155 413 4
1155 1160 79
1155 1162 80
2340 2347 6
2340 2341 18
2340 2342 6
1471 674 12
1471 1472 87
2341 2362 14
2341 2363 13
2341 2340 18
2341 2342 13
2341 2343 9
1156 411 6
1156 1161 79
1156 1162 78
1457 1418 6
1457 2628 49
1457 1174 10
1472 673 11
1472 215 14
170 924 25
170 575 42
170 169 37
2342 2340 6
2342 2341 13
1157 2794 11
1157 1164 21
1157 1166 80
2343 1451 5
2343 2341 9
1158 409 6
1158 1161 77
1158 1166 79
2344 2358 3
2344 2362 9
2344 2364 31
2344 2365 19
1159 1126 42
1159 1180 175
1159 1138 3
1159 1250 14
1160 1337 21
1160 1155 79
1160 1163 65
2345 2358 12
2345 2348 27
2345 1452 9
2345 1453 4
1161 1156 79
1161 1158 77
1161 1341 19
1162 1332 17
1162 1155 80
1162 1156 78
534 602 91
534 544 82
534 2696 32
1163 1167 7
1163 415 12
1163 1160 65
1164 1374 13
1164 1277 11
1164 1157 21
1165 1168 9
1165 1720 3
1165 423 3
1166 1157 80
1166 1158 79
1166 1340 20
535 551 108
535 1692 5
2477 1473 24
2477 974 3
996 1855 11
996 2612 34
996 2439 102
996 2440 7
1982 1404 20
1982 1917 87
1982 1021 54
1982 1986 43
2091 2093 15
2091 2089 3
2091 1927 10
1983 1984 40
1984 2610 85
1984 1983 40
1984 1985 134
1985 2603 189
1985 1984 134
1985 1986 54
1986 2514 102
1986 1982 43
1986 1985 54
2401 194 120
2401 2403 91
997 984 133
1987 2505 10
1987 2442 84
990 548 141
990 1263 32
990 989 103
2402 709 88
2402 2404 92
2403 586 126
2403 2402 90
2404 734 88
2404 2405 66
991 882 47
991 1052 92
2405 730 119
2405 2406 86
2406 707 91
2406 2407 88
2407 690 114
2407 193 94
2407 2408 80
536 560 109
536 1668 7
2408 420 71
2408 2409 87
2409 748 112
2409 225 82
1324 1326 18
992 2330 32
261 1120 101
261 22 75
2492 1171 9
2492 1054 15
2492 2785 11
2493 1171 10
2493 953 14
2493 2797 120
537 1517 7
537 1658 7
1325 1122 87
1325 1123 63
1325 1329 36
1355 1465 31
538 565 65
538 874 94
993 2475 63
1326 196 123
1326 1324 18
1326 1327 42
539 565 92
539 566 91
539 874 86
1379 1380 7
135 629 12
135 450 93
1327 1108 6
1327 1326 42
2125 1347 63
2125 159 106
136 119 63
136 138 116
137 448 106
137 133 63
276 266 77
276 284 181
276 160 79
138 614 62
138 137 117
139 77 75
139 140 113
279 263 115
279 251 89
140 477 113
140 154 115
141 101 119
141 116 219
141 1293 129
994 1390 25
994 993 17
277 265 150
277 278 89
278 274 113
278 279 90
1380 1344 49
1380 1460 12
1380 1379 7
2074 2073 18
540 1505 6
540 1634 7
1328 1129 27
1329 1176 80
1329 1179 78
1329 20 16
1329 1325 36
1173 1419 5
1173 977 125
1173 1174 37
2119 24 88
2119 2122 6
2174 2285 6
2175 2286 4
2175 2287 3
2175 2178 133
2176 2291 5
2120 2030 18
2120 1392 28
2120 2027 3
2177 2286 133
2177 2291 4
2177 2178 5
2178 2292 3
2178 1957 8
2178 2177 5
2179 2216 4
2179 1956 10
2179 2180 3
2180 2295 4
2180 2179 3
2180 2184 130
2121 2032 8
2121 2119 38
2181 2295 5
2182 2299 4
2182 2179 130
2182 2184 4
2183 2300 4
2184 2300 4
2184 1960 12
2184 2182 4
2122 2032 26
2122 2033 3
2122 1390 35
2122 2119 6
2185 2308 3
999 1387 12
207 597 90
207 598 93
1174 1004 26
1174 1457 10
1174 1173 37
1174 1175 7
1339 1158 25
1339 1340 80
1339 1341 76
1175 1418 8
1175 1174 7
1340 688 3
1340 1339 80
9 1315 70
9 1220 91
9 10 46
1341 421 8
1341 1335 38
1341 1339 76
2023 2018 15
2024 2025 10
2025 2009 3
2025 2018 14
2025 2024 10
10 9 46
1349 2676 8
929 1177 7
929 416 17
929 1338 16
1350 2835 10
1350 2784 5
1351 1169 60
1351 2835 10
1351 1350 15
