100 1022
0 3 4
0 14 18
0 22 2
0 23 8
0 37 3
0 51 15
0 87 14
0 93 15
0 95 20
1 5 12
1 37 6
1 67 3
1 70 15
1 72 0
1 73 12
1 81 13
1 89 19
1 93 0
2 3 14
2 15 8
2 22 7
2 37 18
2 49 3
2 56 10
2 57 0
2 59 0
2 84 0
2 93 20
3 6 17
3 11 0
3 13 12
3 16 6
3 21 13
3 61 0
3 64 16
3 70 7
3 80 14
3 82 15
3 85 17
3 89 7
3 98 11
4 14 7
4 15 7
4 20 14
4 22 9
4 24 0
4 29 13
4 35 17
4 74 20
4 77 3
4 97 5
4 98 20
5 3 9
5 10 3
5 21 10
5 35 16
5 39 13
5 44 16
5 48 6
5 59 9
5 63 9
5 66 18
5 77 15
5 83 16
5 94 12
6 11 18
6 24 1
6 25 15
6 49 7
6 53 12
6 58 13
6 59 5
6 78 11
6 97 17
7 2 11
7 3 2
7 6 14
7 17 16
7 28 3
7 39 5
7 47 16
7 64 12
7 68 11
7 70 15
7 75 0
8 3 15
8 7 1
8 9 9
8 17 19
8 19 18
8 31 18
8 32 12
8 35 20
8 66 5
8 68 5
8 72 16
8 89 7
8 94 0
8 99 6
9 6 17
9 37 17
9 46 7
9 47 12
9 51 16
9 53 11
9 62 18
9 65 11
9 70 14
9 87 8
9 97 17
10 0 19
10 1 0
10 23 12
10 31 16
10 37 4
10 41 16
10 52 17
10 57 6
10 80 13
10 81 1
10 96 15
11 9 11
11 18 18
11 26 17
11 38 6
11 43 16
11 52 13
11 79 15
11 89 11
12 6 13
12 17 11
12 41 0
12 68 17
12 71 17
12 83 19
12 97 19
13 5 10
13 16 14
13 20 19
13 48 0
13 57 7
13 63 20
13 77 5
14 2 17
14 4 18
14 17 5
14 18 2
14 41 17
14 43 8
14 52 1
14 55 2
14 60 2
14 65 0
14 88 14
15 3 0
15 4 8
15 14 7
15 24 8
15 27 3
15 32 19
15 35 5
15 57 11
15 59 9
15 66 2
15 70 5
15 72 5
15 88 8
15 89 16
15 94 5
16 31 8
16 50 20
16 68 9
16 80 14
16 94 10
16 95 15
16 98 15
17 8 3
17 9 0
17 28 9
17 37 12
17 42 10
17 84 13
17 95 6
17 98 8
18 17 3
18 20 8
18 25 16
18 30 6
18 34 19
18 61 13
18 68 0
18 75 7
18 86 0
18 88 12
18 91 4
19 9 1
19 10 5
19 16 14
19 23 16
19 27 13
19 29 17
19 35 7
19 41 20
19 46 16
19 49 14
19 58 7
19 96 16
19 98 20
19 99 0
20 8 12
20 67 18
20 82 10
21 12 20
21 25 13
21 42 1
21 61 9
21 67 4
21 69 6
21 81 1
22 4 9
22 16 2
22 45 2
22 52 9
22 58 9
22 90 5
23 8 13
23 81 18
23 87 8
23 91 4
24 0 0
24 4 17
24 16 1
24 17 18
24 19 6
24 29 18
24 32 14
24 37 5
24 62 19
24 83 16
24 87 1
24 89 12
25 15 6
25 18 11
25 19 3
25 28 6
25 47 18
25 56 13
25 61 18
25 77 6
25 96 15
26 0 3
26 9 12
26 20 9
26 22 16
26 23 15
26 24 0
26 29 10
26 42 19
26 50 12
26 56 9
26 70 0
26 77 5
26 81 6
26 83 10
26 96 18
27 6 4
27 22 10
27 32 13
27 44 6
27 52 8
27 60 3
27 68 12
27 84 17
27 85 11
28 2 17
28 8 15
28 10 17
28 20 7
28 36 2
28 40 1
28 55 2
28 72 4
28 73 5
28 80 5
28 82 17
28 84 6
29 0 8
29 1 10
29 16 19
29 17 16
29 41 8
29 58 11
29 70 10
29 73 10
29 76 3
29 77 9
29 86 7
29 95 19
30 7 15
30 52 4
30 59 18
30 61 17
30 69 3
31 16 10
31 22 1
31 27 13
31 28 2
31 65 12
31 74 4
32 9 4
32 15 10
32 26 3
32 39 19
32 41 18
32 48 12
32 56 2
32 57 18
32 89 17
33 22 7
33 24 18
33 26 2
33 30 8
33 32 11
33 39 9
33 54 18
33 57 17
33 59 3
33 65 14
33 69 8
33 71 3
33 82 1
33 83 9
33 90 0
34 0 19
34 20 0
34 27 2
34 45 13
34 50 3
34 51 1
34 54 6
34 62 7
34 63 18
35 5 13
35 8 5
35 37 3
35 42 14
35 50 5
35 63 7
35 86 5
36 14 3
36 19 13
36 27 12
36 45 17
36 48 9
36 56 17
36 59 8
36 64 15
36 73 10
36 86 3
36 95 6
37 4 20
37 6 10
37 24 1
37 26 0
37 29 0
37 38 9
37 39 19
37 46 10
37 49 14
37 54 12
37 70 10
37 85 12
37 90 2
37 91 2
37 93 10
38 6 19
38 8 14
38 11 3
38 12 8
38 15 6
38 32 19
38 43 17
38 56 15
38 58 11
38 71 8
38 90 5
38 93 17
39 8 6
39 19 9
39 30 6
39 57 7
39 66 11
39 81 2
39 84 8
39 85 2
39 96 14
39 99 2
40 0 20
40 9 18
40 14 20
40 29 10
40 37 7
40 53 12
40 70 9
40 71 1
40 78 10
40 79 5
40 98 10
41 14 18
41 17 9
41 22 7
41 32 10
41 46 3
41 77 17
41 97 19
42 0 18
42 1 19
42 11 2
42 13 7
42 24 7
42 30 0
42 31 7
42 43 12
42 45 2
42 84 8
42 90 17
43 3 2
43 9 2
43 20 0
43 27 20
43 38 0
43 52 9
43 80 11
43 83 15
43 96 15
43 97 4
44 3 3
44 34 16
44 47 10
44 50 2
44 52 16
44 60 5
44 67 5
44 72 4
44 82 4
44 99 10
45 13 9
45 29 3
45 34 16
45 35 19
45 55 9
45 56 4
45 59 6
45 85 4
45 87 17
46 28 1
46 66 10
46 72 19
46 77 17
47 2 6
47 13 5
47 19 9
47 21 13
47 23 17
47 33 5
47 35 1
47 52 7
47 88 8
48 5 2
48 9 14
48 15 13
48 45 17
48 47 8
48 87 17
48 91 14
48 98 17
49 1 14
49 11 0
49 17 12
49 26 10
49 31 5
49 33 8
49 36 15
49 59 0
49 65 20
49 87 13
50 1 18
50 20 0
50 31 1
50 33 11
50 35 18
50 42 4
50 51 18
50 53 4
50 65 4
50 67 8
50 78 8
50 80 12
50 82 18
50 90 12
51 7 5
51 12 19
51 16 2
51 22 7
51 29 15
51 32 0
51 41 5
51 64 16
51 81 10
51 95 16
52 8 20
52 14 14
52 16 20
52 31 7
52 44 7
52 63 10
52 74 15
52 80 15
52 89 7
53 5 13
53 9 10
53 21 17
53 35 19
53 72 20
53 77 8
53 82 20
53 83 7
53 85 1
54 96 2
55 19 16
55 28 20
55 39 11
55 44 5
55 49 16
55 59 6
55 91 9
55 93 9
55 96 9
55 99 17
56 1 11
56 5 5
56 7 14
56 15 19
56 31 2
56 32 3
56 64 19
56 93 16
57 0 18
57 25 12
57 34 5
57 37 4
57 43 8
57 66 13
57 81 6
57 83 18
57 89 1
58 37 15
58 46 12
58 67 20
58 68 11
58 73 12
58 76 16
58 81 5
58 83 17
58 90 1
58 95 16
59 19 2
59 34 8
59 35 20
59 38 3
59 39 8
59 41 2
59 60 4
59 64 19
59 82 2
60 9 14
60 10 7
60 18 12
60 38 13
60 40 12
60 45 5
60 61 10
60 77 14
60 83 4
60 85 19
60 92 15
61 2 6
61 11 3
61 30 13
61 33 19
61 34 17
61 35 13
61 40 3
61 47 9
61 51 8
61 53 7
61 70 12
61 82 17
61 90 0
62 12 6
62 15 16
62 21 14
62 25 18
62 38 0
62 44 0
62 52 20
62 90 19
62 92 7
63 6 8
63 26 6
63 34 5
63 38 9
63 57 4
63 80 17
63 82 6
63 84 8
63 93 9
64 4 18
64 18 8
64 24 14
64 46 5
64 47 17
64 51 11
64 53 15
64 76 13
64 80 3
64 97 6
65 26 18
65 30 12
65 31 6
65 38 9
65 44 3
65 51 0
65 58 3
65 61 18
65 63 0
65 64 17
65 70 9
65 89 20
65 91 4
66 24 2
66 33 16
66 40 11
66 45 18
66 46 9
66 57 13
66 58 16
66 60 11
66 68 16
66 84 10
67 0 0
67 2 3
67 14 14
67 18 14
67 23 11
67 25 9
67 32 17
67 41 12
67 43 10
67 66 18
67 72 15
67 74 3
67 75 20
67 78 12
67 87 12
67 92 6
68 9 17
68 10 0
68 30 8
68 39 20
68 93 19
68 98 16
69 4 6
69 9 14
69 12 19
69 13 16
69 20 13
69 31 9
69 42 5
69 45 14
69 52 19
69 64 16
69 89 6
69 91 11
69 94 16
70 7 0
70 10 12
70 33 18
70 35 13
70 51 12
70 53 10
70 71 19
70 74 18
70 82 2
70 84 15
70 88 7
70 94 20
71 1 20
71 33 9
71 35 20
71 45 0
71 49 13
71 54 20
71 63 4
71 68 20
71 77 12
72 24 8
72 34 5
72 67 2
72 71 19
72 76 0
72 82 11
72 85 8
72 91 13
73 17 17
73 24 9
73 36 4
73 40 14
73 62 8
73 79 15
74 39 5
74 40 14
74 41 16
74 52 1
74 53 8
74 71 16
74 82 3
74 83 18
74 94 13
75 1 2
75 4 11
75 9 2
75 10 14
75 12 0
75 13 5
75 16 16
75 22 5
75 29 2
75 32 12
75 48 20
75 69 8
75 72 19
75 77 9
75 79 6
75 83 16
76 15 6
76 18 7
76 36 10
76 48 8
76 49 2
76 59 2
76 73 16
76 75 11
76 85 14
76 89 16
77 3 17
77 23 1
77 38 5
77 51 9
77 52 20
77 65 17
77 89 8
78 4 11
78 9 19
78 14 7
78 17 12
78 21 17
78 22 12
78 28 5
78 46 15
78 57 8
78 59 19
78 60 10
78 67 7
78 77 8
78 81 19
78 90 7
78 91 0
78 95 19
78 98 12
79 11 10
79 22 13
79 41 7
79 45 8
79 51 6
79 55 2
79 58 20
79 62 5
79 65 18
79 69 14
79 84 18
79 86 4
79 87 19
79 94 8
79 95 14
79 98 16
80 28 5
80 29 4
80 31 4
80 34 14
80 36 11
80 45 9
80 46 12
80 48 7
80 51 3
80 56 6
80 63 9
80 65 2
80 66 3
80 78 7
80 89 12
80 91 10
80 98 15
81 11 3
81 15 5
81 17 1
81 31 1
81 33 19
81 58 0
81 82 6
81 92 1
82 1 15
82 2 16
82 6 19
82 14 14
82 31 10
82 38 8
82 40 3
82 46 19
82 49 5
82 52 3
82 56 7
82 69 12
82 72 7
82 84 15
82 88 14
82 96 12
83 0 5
83 3 7
83 24 7
83 29 9
83 37 14
83 39 17
83 40 18
83 41 12
83 55 6
83 58 14
83 59 8
83 97 10
84 20 15
84 32 18
84 33 3
84 44 6
84 53 2
84 79 1
84 89 0
84 92 0
84 99 15
85 4 10
85 19 12
85 24 18
85 25 9
85 34 6
85 39 12
85 43 5
85 50 20
85 55 4
85 80 0
85 84 0
85 90 12
85 98 4
86 8 17
86 22 1
86 40 18
86 43 12
86 46 8
86 60 4
86 65 2
86 76 14
86 80 20
86 81 9
86 83 0
86 88 1
87 1 17
87 2 1
87 10 16
87 12 4
87 23 1
87 48 8
87 63 3
87 69 13
87 72 2
87 98 6
88 6 0
88 12 15
88 33 20
88 39 4
88 42 8
88 56 6
88 69 14
89 0 12
89 5 10
89 6 20
89 13 8
89 25 8
89 28 20
89 34 20
89 72 7
89 97 7
90 7 1
90 18 18
90 29 18
90 43 5
90 70 11
90 73 13
90 75 19
90 83 17
91 17 20
91 43 16
91 60 1
91 62 11
91 69 17
91 70 13
91 75 17
91 76 6
91 99 17
92 13 13
92 14 2
92 20 8
92 27 19
92 31 2
92 42 8
92 55 5
92 58 3
92 81 4
92 90 1
92 96 6
93 13 13
93 18 1
93 28 1
93 50 20
93 52 2
93 57 16
93 58 15
93 70 16
93 76 11
93 96 3
94 14 10
94 16 1
94 18 4
94 42 17
94 46 1
94 54 14
94 57 4
94 61 12
94 66 14
94 75 0
94 79 16
94 88 8
94 90 2
94 95 8
95 4 10
95 20 2
95 22 9
95 31 1
95 38 12
95 45 1
95 53 8
95 61 10
95 72 4
95 82 8
95 85 12
96 39 3
96 45 9
96 57 3
96 60 13
96 78 7
96 84 16
96 85 17
97 10 6
97 12 10
97 25 10
97 33 16
97 39 12
97 41 18
97 50 15
97 56 3
97 62 4
97 72 20
97 81 14
97 91 16
98 2 17
98 8 18
98 14 16
98 15 17
98 33 0
98 35 9
98 42 5
98 43 6
98 57 11
98 58 12
98 67 16
98 69 10
98 72 3
98 97 13
99 7 11
99 16 4
99 25 18
99 29 2
99 32 1
99 40 9
99 41 20
99 47 17
99 64 10
99 65 13
99 67 9
99 77 10
99 80 11
99 81 8
99 95 10
99 96 16
99 98 16
