100 989
0 13 -6
0 15 8
0 35 -8
0 39 -2
0 41 -7
0 44 5
0 46 4
0 59 5
0 60 10
0 61 2
0 82 -4
0 86 -7
0 89 5
0 97 -10
1 0 2
1 18 3
1 20 9
1 41 -10
1 42 4
1 54 -2
1 62 -3
1 78 8
1 87 -7
2 4 0
2 12 -10
2 27 -10
2 43 -10
2 56 10
2 58 7
2 62 -10
2 64 2
2 65 -4
2 66 3
2 87 -10
2 90 6
3 0 -3
3 4 4
3 11 5
3 21 7
3 24 -3
3 35 1
3 49 -3
3 52 -3
3 77 4
3 91 -1
4 7 -10
4 27 3
4 34 7
4 50 10
4 62 -7
4 70 -5
4 73 10
4 79 -1
4 81 -7
4 91 0
4 93 6
5 21 3
5 22 6
5 30 -4
5 54 -1
5 58 -1
5 75 8
5 83 5
5 91 6
5 93 2
6 44 8
6 53 -9
6 61 5
6 70 -3
6 75 2
6 97 3
7 23 -5
7 24 1
7 37 7
7 54 1
7 55 -8
7 59 4
7 61 6
7 69 -7
7 80 -5
7 92 6
8 13 2
8 16 1
8 23 5
8 45 -10
8 55 5
8 59 -9
8 72 -1
8 77 9
8 86 8
8 94 8
8 95 2
9 11 10
9 30 -5
9 32 -5
9 49 6
9 51 -3
9 86 -10
9 88 -4
10 12 7
10 13 7
10 17 -3
10 31 2
10 32 6
10 52 1
10 59 8
10 61 1
10 68 4
10 72 -2
10 77 7
10 78 9
10 92 -10
11 2 2
11 23 6
11 27 -6
11 35 6
11 36 7
11 44 -4
11 63 3
11 68 -9
11 71 5
11 74 1
12 19 8
12 48 7
12 61 -4
12 67 6
12 75 3
12 83 5
13 35 1
13 45 3
13 57 1
13 76 -10
13 96 7
14 0 7
14 1 9
14 19 9
14 20 0
14 49 4
14 57 9
14 58 -10
14 72 -3
14 75 10
14 99 -5
15 9 7
15 21 8
15 31 -5
15 34 -8
15 43 7
15 45 -2
15 60 -9
15 65 -8
15 70 -8
15 89 -10
16 2 4
16 4 -10
16 11 -2
16 24 -3
16 35 -2
16 65 -7
16 74 9
16 77 -5
16 88 1
16 89 -1
16 95 -8
16 97 -5
17 25 -5
17 26 -2
17 46 6
17 83 -5
17 85 -2
17 92 10
17 95 -1
17 96 4
18 12 0
18 27 5
18 30 5
18 31 -7
18 48 -10
18 56 -1
18 57 2
18 67 0
18 84 3
18 88 -4
18 91 -2
19 23 -7
19 34 -2
19 37 6
19 49 -4
19 61 9
19 67 3
19 74 -10
19 81 -3
19 91 -10
20 3 2
20 7 -6
20 10 -9
20 19 -5
20 21 4
20 24 6
20 28 3
20 41 7
20 62 -3
20 65 10
20 77 6
20 86 4
20 93 -3
21 5 6
21 6 10
21 61 -10
21 63 2
21 72 8
21 97 0
22 3 10
22 16 3
22 44 -9
22 50 -1
22 67 -6
23 7 -4
23 15 -9
23 20 -1
23 22 -8
23 27 -8
23 50 -1
23 57 -1
23 62 -5
23 64 3
23 65 8
23 96 -2
23 99 -6
24 26 -10
24 32 7
24 37 -9
24 41 8
24 49 -4
24 51 8
24 55 4
24 73 -5
24 89 9
25 9 6
25 19 -9
25 22 2
25 29 -4
25 39 1
25 42 -7
25 43 -4
25 59 8
25 67 3
25 80 8
25 81 -4
25 83 5
25 89 -7
25 90 2
26 1 -1
26 15 6
26 18 5
26 25 -10
26 44 0
26 54 9
26 65 2
26 86 -1
26 94 -10
27 5 -5
27 6 -4
27 9 0
27 15 8
27 20 -6
27 26 0
27 28 3
27 60 -4
27 75 -2
27 95 -7
27 96 2
28 2 7
28 4 1
28 59 7
28 60 5
28 72 7
28 88 -3
28 97 -8
28 98 -9
29 12 -8
29 14 -6
29 25 -5
29 26 -5
29 35 7
29 51 -4
29 55 -2
29 60 0
29 80 9
29 82 6
29 87 -2
29 96 1
30 9 0
30 21 0
30 36 -7
30 83 -1
30 91 -3
30 97 9
31 10 5
31 11 -6
31 32 8
31 35 7
31 41 -7
31 58 0
31 81 -9
31 85 3
31 91 -8
32 0 2
32 5 -6
32 12 -6
32 14 0
32 35 -7
32 69 9
32 72 8
32 74 2
32 80 -8
32 86 8
32 91 7
32 95 -3
33 0 8
33 4 -8
33 6 -2
33 8 1
33 57 -1
33 64 8
33 91 7
33 93 -7
33 96 4
33 99 -2
34 8 -7
34 13 -9
34 17 -1
34 38 -10
34 42 9
34 43 -10
34 52 -8
34 57 3
34 60 -7
34 61 -9
34 67 -4
34 72 -3
34 73 8
34 74 3
34 83 -5
34 92 -7
34 99 4
35 1 -5
35 29 -3
35 39 -5
35 48 -7
35 51 3
35 63 2
35 73 7
35 75 -1
35 94 7
36 9 -2
36 20 5
36 23 0
36 28 -7
36 33 -4
36 35 10
36 39 0
36 47 -9
36 50 -10
36 70 -10
37 12 -1
37 15 9
37 22 0
37 26 4
37 31 2
37 39 0
37 40 2
37 73 -8
37 90 -8
37 99 0
38 0 9
38 5 4
38 16 -7
38 18 -2
38 22 -4
38 34 9
38 70 7
38 78 5
38 85 1
38 97 -2
39 15 -5
39 25 7
39 27 -4
39 55 -1
39 82 -4
39 84 -3
39 85 1
40 29 -8
40 55 -2
40 57 -8
40 60 4
40 64 -8
40 73 10
40 75 8
40 80 10
40 83 0
40 85 -3
40 94 2
41 7 -1
41 8 -9
41 15 0
41 18 -5
41 24 0
41 29 8
41 39 -1
41 77 -3
41 81 0
41 89 -7
42 3 7
42 11 9
42 22 8
42 31 9
42 32 -8
42 65 -3
42 67 -3
42 72 -10
42 99 -3
43 19 2
43 30 -8
43 41 -2
43 44 7
43 53 -8
43 59 -8
43 68 -10
43 72 10
43 74 -10
43 77 -1
43 90 1
44 9 5
44 39 5
44 67 -6
44 70 -7
44 78 6
44 87 0
44 92 -8
44 99 6
45 7 -5
45 10 -5
45 14 -6
45 20 -6
45 21 0
45 25 -1
45 29 -7
45 30 6
45 32 9
45 35 -1
45 41 -6
45 42 -4
45 56 -6
45 59 7
45 73 -9
45 77 0
45 82 9
45 84 7
46 9 -4
46 13 -5
46 15 -1
46 16 3
46 19 7
46 67 -5
46 76 -9
46 80 -3
46 81 -2
46 95 -8
47 18 4
47 22 3
47 23 7
47 54 -2
47 72 7
47 76 4
47 83 7
47 86 4
47 89 -10
47 93 2
48 17 0
48 26 -5
48 29 -2
48 35 5
48 36 -10
48 52 10
48 71 3
48 72 8
48 83 -10
48 94 -9
48 98 1
49 24 8
49 27 -6
49 39 8
49 60 -6
49 69 -6
50 2 -2
50 4 -2
50 14 2
50 15 8
50 22 2
50 29 -5
50 49 9
50 51 -8
50 58 -3
50 71 5
50 74 -10
50 91 -5
51 1 6
51 12 0
51 22 6
51 35 10
51 39 4
51 40 10
51 41 -3
51 42 -3
51 45 0
51 49 5
51 53 5
51 65 -3
51 67 3
51 82 0
51 88 7
52 3 9
52 7 10
52 24 -2
52 32 10
52 37 -3
52 50 -9
52 88 -8
53 9 6
53 11 10
53 50 1
53 51 -5
53 81 6
53 93 -4
54 2 -1
54 16 -1
54 17 -1
54 25 7
54 40 1
54 45 -5
54 64 4
55 3 9
55 11 -8
55 27 -7
55 30 9
55 33 6
55 52 8
55 54 2
55 56 -5
55 64 -6
55 65 -2
55 66 3
55 97 -4
56 3 8
56 12 -9
56 17 5
56 21 2
56 32 10
56 36 1
56 38 2
56 48 6
56 51 -5
56 65 7
56 67 -9
56 76 6
56 89 -8
57 18 -2
57 21 10
57 36 -7
57 41 -2
57 43 -8
57 67 -6
57 77 9
57 79 -8
57 86 4
57 95 -3
58 9 2
58 12 3
58 24 2
58 26 -5
58 66 0
58 72 4
59 4 -6
59 8 9
59 35 5
59 44 -4
59 56 -7
59 60 3
59 66 9
59 74 7
60 11 3
60 14 -7
60 38 -1
60 39 -2
60 41 -3
60 45 2
60 46 7
60 54 -10
60 63 -4
60 68 6
60 77 4
60 97 8
61 1 -10
61 9 -10
61 28 10
61 36 9
61 50 -3
61 59 -2
61 66 -4
61 95 -5
61 99 -1
62 1 -6
62 2 7
62 3 -4
62 12 -2
62 13 -1
62 18 8
62 37 -2
62 45 4
62 51 -5
62 92 7
63 10 1
63 50 5
63 71 3
63 95 -7
64 14 -4
64 15 8
64 16 2
64 20 -4
64 45 -1
64 69 -7
64 75 -10
64 78 -7
65 22 8
65 29 -10
65 33 7
65 43 -1
65 51 10
65 58 -6
65 81 -8
65 84 6
66 10 1
66 21 8
66 28 -1
66 29 3
66 31 6
66 35 1
66 45 6
66 47 0
66 54 -10
66 80 -7
66 96 4
67 0 4
67 4 1
67 14 -1
67 36 7
67 37 2
67 54 0
67 59 8
67 61 5
67 70 -7
67 72 10
67 73 2
67 99 2
68 5 -4
68 30 7
68 32 -10
68 39 -2
68 60 10
68 69 9
68 75 6
68 83 -4
68 89 4
69 5 9
69 8 6
69 14 3
69 33 -1
69 34 -5
69 37 4
69 42 9
69 46 6
69 63 -4
69 65 1
69 74 6
69 81 -10
69 82 2
69 83 8
69 84 3
69 93 2
70 25 0
70 40 9
70 50 8
70 52 -8
70 55 5
70 65 -3
70 73 10
70 80 10
71 8 -1
71 13 10
71 15 -10
71 27 3
71 33 10
71 35 -6
71 41 10
71 52 2
71 88 -2
72 10 -5
72 42 -8
72 44 9
72 49 -10
72 59 1
72 69 -2
72 70 3
72 73 7
72 80 -1
73 1 -6
73 3 4
73 4 -2
73 29 5
73 30 -5
73 52 4
73 62 6
73 72 -9
73 80 -2
73 92 6
73 96 -7
73 97 8
73 98 3
74 20 -8
74 28 1
74 50 -8
74 51 4
74 58 -10
74 82 -5
74 83 6
74 89 -5
74 92 -8
74 96 2
75 3 10
75 13 -2
75 26 9
75 30 -1
75 35 -4
75 40 6
75 44 -4
75 56 -3
75 61 0
75 62 -2
75 69 -8
75 96 -8
75 97 6
76 3 1
76 15 4
76 25 6
76 26 7
76 27 -9
76 33 -5
76 35 -1
76 40 10
76 43 7
76 56 -2
76 66 1
77 2 9
77 11 -3
77 21 2
77 25 7
77 26 2
77 28 -5
77 36 5
77 46 -2
77 71 9
77 82 0
77 85 -3
77 86 -2
77 89 9
77 98 -3
78 0 -10
78 6 9
78 28 2
78 51 0
78 52 3
78 59 -3
78 69 -2
78 71 -4
79 3 -8
79 14 10
79 51 -5
79 53 8
79 57 4
79 64 8
79 67 -6
79 72 9
79 73 -2
79 74 4
79 77 6
80 8 -5
80 9 -6
80 17 -6
80 45 4
80 51 1
80 85 -1
81 7 2
81 22 -3
81 24 -7
81 48 -4
81 56 -1
81 59 -8
81 63 -7
81 64 -3
81 66 2
81 68 0
81 79 5
81 85 -7
81 95 -5
82 15 -9
82 24 -9
82 25 9
82 26 -10
82 45 -4
82 46 -9
82 57 5
82 71 6
82 79 9
82 95 4
82 97 0
83 9 -2
83 22 -7
83 25 9
83 46 -5
83 49 -7
83 64 -3
83 89 2
84 19 -3
84 26 5
84 30 4
84 36 2
84 44 -5
84 46 -3
84 59 -3
84 75 -1
84 77 4
85 2 7
85 12 8
85 16 2
85 39 -4
85 41 4
85 51 -2
85 76 0
85 90 5
86 6 8
86 7 -7
86 12 -4
86 31 -8
86 34 -9
86 40 -10
86 54 -10
86 79 5
86 93 0
87 11 2
87 15 8
87 26 -1
87 37 -4
87 42 2
87 56 -5
87 71 10
87 78 -6
88 3 -10
88 8 -10
88 23 2
88 33 -6
88 40 7
88 46 -9
88 52 8
88 58 2
88 83 -2
88 94 -6
88 97 -8
89 0 4
89 9 10
89 19 -1
89 21 -10
89 32 -9
89 34 7
89 41 -9
89 45 6
89 50 -6
89 53 -9
89 85 -2
89 90 -7
89 93 3
89 97 -8
90 1 -4
90 3 -10
90 5 5
90 8 10
90 12 -6
90 29 -2
90 30 -4
90 53 4
90 55 2
90 97 0
91 15 10
91 33 -2
91 48 -2
91 52 10
91 94 10
91 95 -3
92 13 -3
92 16 -9
92 17 8
92 42 8
92 45 -5
92 54 1
92 63 3
92 67 9
92 71 7
92 79 10
92 88 6
92 90 -9
92 97 1
92 98 7
93 30 3
93 41 7
93 76 -4
93 91 7
93 98 3
94 1 -8
94 11 -2
94 14 9
94 62 -8
94 72 -2
94 74 -5
94 86 -7
95 3 -6
95 25 -9
95 29 -4
95 36 3
95 37 -9
95 56 -9
95 67 10
95 75 -8
96 5 6
96 15 5
96 30 6
96 31 1
96 43 -7
96 46 0
96 54 -9
96 68 -6
96 69 7
96 70 -9
96 72 4
96 89 -6
96 91 2
97 4 4
97 9 -10
97 31 6
97 33 -2
97 39 -8
97 40 -2
97 57 0
97 63 -8
97 71 -1
97 79 -9
97 92 2
97 94 -9
97 96 -2
97 99 0
98 6 -6
98 10 -2
98 32 2
98 34 -7
98 40 -1
98 58 -7
98 70 3
98 72 -3
98 73 6
98 89 7
98 95 -4
99 2 0
99 34 0
99 36 6
99 41 2
99 48 8
99 51 5
99 69 -7
99 83 -6
99 89 10
