500 750
194 327 13
461 262 26
218 372 1
158 374 41
282 313 47
266 7 34
348 142 36
279 110 7
249 325 16
409 98 15
440 395 6
68 269 43
234 15 37
236 20 14
158 282 14
357 87 27
340 277 35
209 481 41
106 188 10
398 335 3
66 107 34
474 327 46
296 202 24
91 410 44
110 15 24
320 210 27
177 10 7
428 162 3
380 85 44
346 6 46
26 340 42
208 246 15
226 451 20
231 476 40
312 77 7
491 358 41
165 261 46
140 110 47
100 268 37
89 331 30
80 112 14
475 37 45
349 148 4
164 134 44
279 388 42
462 235 12
449 444 46
85 484 20
198 377 45
13 350 41
371 111 4
483 301 10
328 288 38
241 493 38
305 450 10
5 291 3
93 28 28
299 297 10
263 311 11
461 403 38
256 196 20
188 276 34
494 353 31
335 245 47
213 0 12
398 431 26
372 84 7
133 314 15
187 8 9
475 60 6
481 202 31
94 483 50
29 269 39
169 42 37
68 364 5
155 168 14
285 115 46
400 223 48
470 456 14
58 80 8
249 443 5
260 388 16
455 164 3
378 265 38
1 353 2
180 476 21
183 267 38
344 416 38
496 140 16
439 420 29
499 335 43
471 443 15
348 418 15
441 303 5
200 115 15
204 249 2
101 352 1
138 345 24
309 258 50
276 395 31
243 93 31
329 241 35
75 136 35
405 315 12
77 159 36
142 401 37
354 36 10
201 320 44
406 35 3
83 389 22
151 347 31
184 444 22
62 133 49
473 144 1
286 65 3
28 102 13
225 436 14
148 101 47
111 116 12
32 77 48
151 165 19
104 15 14
123 483 39
289 336 1
74 460 2
459 64 39
97 427 26
496 342 43
312 315 44
47 52 24
430 413 16
419 381 14
432 102 14
468 49 27
332 16 20
374 343 40
76 260 7
92 10 11
481 452 10
412 51 9
115 259 49
332 475 28
370 77 31
298 422 31
192 215 46
57 257 13
255 447 41
350 327 41
299 31 34
308 122 33
149 72 23
374 232 40
41 161 17
448 410 23
275 449 24
103 252 37
168 473 8
84 151 41
356 54 37
63 459 44
335 321 38
8 202 4
209 458 17
445 350 1
450 0 12
417 369 1
91 86 34
252 19 38
298 225 12
229 61 20
388 384 39
447 377 1
211 286 16
398 214 10
188 434 38
194 136 19
417 222 50
140 248 38
180 351 35
32 100 25
41 108 42
327 244 48
252 13 32
241 70 18
50 268 6
496 406 23
26 428 47
142 13 22
192 404 7
231 83 11
397 46 34
233 53 4
122 132 11
22 126 10
467 415 10
414 109 28
462 22 35
299 246 32
16 50 29
489 446 36
202 287 11
284 121 16
243 204 4
114 406 11
140 496 12
138 137 16
358 316 44
60 313 28
395 432 20
172 479 3
314 476 35
143 398 42
413 6 50
220 469 33
380 170 16
443 187 15
148 261 4
364 143 1
145 398 28
253 496 50
245 420 5
493 130 16
338 496 11
336 196 34
209 354 35
53 76 38
345 238 21
123 404 40
61 13 25
170 200 43
327 385 35
408 76 13
340 458 9
5 204 16
473 421 29
112 274 2
238 475 46
267 0 47
426 218 36
184 341 3
130 27 8
274 439 38
487 18 27
106 421 47
441 4 22
422 455 20
469 423 14
449 464 2
84 19 47
50 329 44
51 351 26
492 399 45
124 157 49
151 423 18
454 282 12
152 73 3
90 464 4
386 70 32
4 285 50
325 474 39
100 287 2
360 253 46
460 21 33
10 59 21
171 420 37
47 76 37
319 335 31
177 281 46
322 68 30
28 157 44
413 439 26
226 37 23
342 457 32
324 313 2
411 110 44
392 178 42
165 87 17
224 287 15
69 387 31
12 55 33
139 125 46
247 276 10
255 329 27
228 285 43
132 447 48
256 314 5
178 141 37
251 322 15
153 468 19
463 157 9
208 462 31
76 385 43
237 128 7
52 24 18
57 129 17
103 144 30
338 314 22
393 315 6
269 205 39
66 229 37
428 170 11
412 162 12
476 224 14
69 266 31
57 265 47
381 161 25
291 126 10
299 354 18
271 102 6
279 324 8
5 114 7
300 314 2
487 315 2
58 291 33
145 251 24
178 253 1
304 493 14
441 247 29
428 404 25
181 460 45
216 418 28
328 327 19
281 177 41
453 455 39
337 449 49
285 125 4
254 32 14
216 230 34
145 80 17
292 220 49
366 436 13
426 322 44
402 223 10
295 40 47
203 448 19
140 295 43
79 276 16
73 468 30
260 112 33
131 481 28
383 75 27
369 462 36
321 10 16
83 396 21
55 171 9
179 158 34
42 424 26
338 96 14
398 7 15
238 246 49
491 195 24
414 84 21
400 122 17
232 380 2
418 275 9
280 436 44
4 265 32
215 32 45
238 319 7
201 497 2
299 10 18
287 330 32
178 274 32
172 439 28
246 102 30
248 74 49
334 358 14
475 92 41
229 253 47
133 190 9
288 81 12
7 121 48
224 448 49
164 51 26
296 370 25
314 404 10
216 418 12
473 139 21
46 20 8
93 162 40
337 35 40
3 144 24
444 79 19
181 261 47
309 345 38
114 263 10
191 353 46
336 178 3
224 12 44
159 338 13
240 192 27
25 460 1
448 244 38
242 195 39
492 78 35
306 177 21
419 471 3
196 421 2
461 176 6
67 3 30
397 222 50
229 246 29
101 102 33
449 486 16
79 425 11
24 11 16
144 462 23
407 297 35
424 441 28
485 255 35
446 468 17
260 71 14
235 288 43
10 107 8
115 22 15
301 451 45
443 225 6
302 441 49
37 322 43
144 376 16
155 228 39
61 274 43
300 44 22
449 288 19
143 282 34
49 47 24
249 438 47
86 204 7
72 101 46
433 441 43
351 321 26
12 129 48
251 274 2
419 444 31
251 146 34
468 227 6
103 462 39
176 299 26
299 92 8
11 66 25
271 170 14
310 419 14
283 111 33
41 75 42
444 398 13
455 421 24
246 272 35
51 21 38
296 261 34
161 178 48
353 461 50
369 242 3
14 322 39
315 403 49
331 427 2
252 66 27
173 73 37
49 458 46
342 248 47
444 27 4
30 368 33
359 136 35
178 43 14
29 243 43
17 420 1
271 482 6
204 217 41
306 131 10
379 293 34
346 179 27
143 246 27
122 119 47
392 461 40
111 98 28
167 248 46
468 186 42
451 153 21
42 216 4
71 108 23
214 28 19
5 114 42
406 415 50
371 16 13
47 154 31
134 248 43
46 131 48
296 217 40
419 173 5
360 465 46
270 310 15
17 67 41
349 287 40
256 456 45
157 465 41
419 151 19
316 343 46
169 206 19
76 283 2
374 316 8
249 319 49
262 113 27
124 323 47
341 9 48
332 412 11
177 496 35
288 293 42
317 20 26
472 355 18
93 115 14
121 202 49
165 186 45
261 107 25
491 43 20
12 212 40
92 207 34
356 32 30
367 286 36
46 350 13
164 102 44
128 120 17
493 71 34
417 105 41
259 324 35
283 430 31
61 181 12
352 150 34
242 137 8
484 442 33
483 43 28
432 273 36
485 325 15
201 410 7
424 360 11
103 184 30
251 158 18
8 495 38
156 158 9
448 406 46
119 303 11
14 325 30
70 357 35
3 149 44
48 405 27
86 275 13
196 264 28
157 68 16
320 259 5
396 476 42
176 395 5
269 253 26
315 373 44
88 270 50
287 180 33
278 495 11
459 166 46
169 180 44
307 377 2
55 195 41
449 67 23
66 278 43
77 97 34
138 162 50
201 182 34
112 482 25
442 4 17
88 65 29
366 367 13
457 110 32
362 30 7
443 351 5
426 389 17
273 310 5
176 120 13
403 218 27
50 335 38
345 215 33
492 325 20
427 138 41
215 128 43
153 338 1
84 50 46
464 192 28
245 242 21
408 489 4
448 223 24
340 385 36
398 428 19
194 57 43
437 43 26
304 225 46
11 185 48
144 403 49
124 488 49
161 185 35
273 204 50
353 301 36
8 300 46
196 356 16
65 110 38
324 357 47
215 285 27
135 168 8
455 291 35
179 363 4
272 489 40
491 417 48
82 41 15
313 413 48
306 170 6
333 286 45
497 495 46
305 17 1
412 103 32
445 374 38
243 317 4
308 283 18
192 319 7
187 383 17
473 90 38
406 385 33
170 214 33
365 160 41
264 62 9
40 61 44
57 201 30
69 425 47
203 448 47
480 405 24
10 315 47
228 53 7
364 187 42
194 303 14
80 286 28
90 315 27
212 402 23
34 58 11
164 267 20
484 207 17
348 99 24
415 383 20
340 271 31
444 338 37
346 411 31
380 235 36
331 164 34
324 465 27
30 455 24
497 228 2
72 336 42
378 78 7
281 140 9
105 137 8
169 463 19
55 419 2
152 142 1
321 386 5
401 404 41
131 372 23
89 406 6
449 97 23
327 230 3
429 309 13
54 408 10
308 371 13
238 131 32
319 118 9
5 171 41
375 247 1
469 85 38
112 415 34
327 125 6
240 483 36
129 455 17
218 450 1
415 97 46
470 138 26
128 304 17
241 99 23
20 397 33
244 277 23
53 423 36
5 397 2
92 285 1
171 65 19
395 194 1
435 181 49
439 280 15
336 297 50
86 340 23
451 28 40
58 105 40
203 47 35
193 252 46
21 7 3
360 49 13
93 417 30
251 169 26
336 426 2
7 1 26
53 184 7
148 163 9
37 308 12
280 185 45
140 292 36
332 320 30
54 237 46
314 114 5
370 211 5
315 255 2
193 268 33
465 148 29
116 243 42
447 448 8
120 278 46
359 29 19
443 189 36
460 217 2
337 271 12
161 307 46
166 402 17
412 385 18
133 11 2
214 325 36
5 104 7
85 446 48
155 36 8
147 130 10
382 361 43
309 421 45
136 357 7
23 355 49
462 442 23
322 116 35
79 347 37
177 270 15
287 395 41
263 334 38
215 167 47
413 26 8
0 313 19
315 493 4
183 232 24
26 413 6
203 4 16
451 400 16
412 16 28
446 141 27
447 191 33
101 341 39
424 362 44
