100 150
65 47 44
88 98 8
87 60 3
8 75 32
38 92 26
35 19 12
74 63 23
90 78 37
38 59 13
59 9 38
72 46 38
21 13 2
81 67 2
59 61 9
26 84 38
98 74 37
80 75 19
20 83 4
94 37 2
14 45 6
90 12 22
58 90 40
5 6 38
76 63 39
16 4 46
23 57 25
90 19 15
7 45 1
5 70 46
28 17 45
27 1 49
77 11 35
45 9 24
8 0 36
99 91 2
18 30 47
24 15 22
76 74 41
40 88 26
87 13 2
97 52 19
99 96 40
69 79 49
70 97 13
67 81 6
98 24 50
98 0 29
41 45 12
36 87 10
90 59 2
87 13 8
28 13 11
99 11 49
32 49 11
25 85 8
52 30 43
51 96 12
20 65 38
2 1 33
57 31 22
60 41 20
86 76 19
50 96 2
92 81 12
58 63 29
31 19 29
57 89 36
19 73 3
96 90 28
58 22 18
43 65 28
12 68 35
56 5 42
75 1 8
32 8 4
70 76 15
72 2 49
92 88 16
76 56 40
54 56 36
16 21 45
59 47 50
45 22 24
33 51 39
41 53 11
8 53 18
40 70 2
83 52 8
88 42 8
89 68 32
19 9 23
49 39 9
57 37 8
97 82 35
40 18 28
24 44 35
86 15 33
28 40 49
63 59 47
78 59 47
34 60 19
3 53 49
17 66 19
9 44 21
87 40 31
26 92 16
96 48 1
31 33 47
61 73 10
72 76 6
2 18 6
7 87 4
58 84 22
28 90 34
58 62 7
15 2 38
59 14 19
67 62 39
8 65 30
93 58 32
23 18 43
58 46 6
12 51 5
41 25 21
68 29 41
80 10 47
42 29 26
3 13 5
21 30 32
58 89 21
40 9 16
39 25 9
5 44 3
30 25 31
66 53 44
15 73 50
36 54 5
69 23 20
0 29 16
88 64 26
87 41 18
7 81 7
89 91 35
7 21 47
19 71 13
98 90 25
83 18 2
76 61 1
27 23 39
97 83 28
