500 502
0 182 -6
0 487 8
1 164 -8
3 186 -2
3 434 -7
4 342 5
5 67 4
5 182 5
5 198 10
5 304 2
6 104 -4
6 246 -7
7 134 5
10 150 -10
11 401 2
12 304 3
13 33 9
13 122 -10
13 224 4
14 95 -2
15 84 -3
15 359 8
17 130 -7
18 189 0
21 98 -10
21 242 -10
21 350 -10
22 105 10
24 144 7
25 170 -10
26 121 2
27 29 -4
27 287 3
28 281 -10
30 472 6
30 488 -3
32 175 4
33 277 5
37 216 7
40 216 -3
40 326 1
40 387 -3
40 389 -3
40 433 4
42 350 -1
42 482 -10
43 432 3
43 42 7
44 96 10
44 331 -7
44 28 -5
46 128 10
47 380 -1
50 249 -7
53 157 0
55 184 6
55 45 3
56 449 6
56 38 -4
58 357 -1
59 274 -1
59 311 8
60 122 5
61 335 6
62 434 2
63 177 8
63 277 -9
64 173 5
65 38 -3
66 407 2
66 451 3
67 256 -5
68 173 1
68 350 7
68 473 1
69 140 -8
69 142 4
69 487 6
69 4 -7
72 185 -5
72 387 6
72 411 2
73 314 1
73 342 5
74 87 -10
75 132 5
76 196 -9
76 245 -1
77 399 9
80 93 8
81 71 8
82 13 2
83 434 10
84 216 -5
84 339 -5
84 489 6
87 421 -3
88 165 -10
91 139 -4
93 276 7
96 406 7
97 217 -3
98 178 2
98 192 6
98 41 1
98 64 8
98 94 1
98 96 4
99 65 -2
101 216 7
102 403 9
103 168 -10
103 469 2
105 213 6
106 185 -6
106 257 6
106 330 7
108 137 -4
108 143 3
108 331 -9
109 120 5
110 178 1
110 490 8
111 404 7
112 426 -4
113 456 6
114 497 3
118 235 5
119 29 1
120 469 3
121 300 1
121 435 -10
122 324 7
125 343 7
126 153 9
126 74 9
127 381 0
131 193 4
131 379 9
131 496 -10
132 361 -3
134 330 10
136 9 -5
136 112 7
138 184 8
138 286 -5
138 298 -8
138 450 7
141 3 -2
143 232 -9
143 316 -8
146 79 -8
147 406 -10
150 420 4
150 137 -10
151 199 -2
151 228 -3
151 144 -2
152 210 -7
152 245 9
153 238 -5
153 417 1
156 184 -1
158 390 -8
158 473 -5
161 166 -5
161 379 -2
161 464 6
163 347 -5
163 29 -2
165 429 10
167 21 -1
169 205 4
170 92 0
171 261 5
171 459 5
171 89 -7
172 272 -10
172 171 -1
176 370 2
177 9 0
178 442 3
179 319 -4
179 329 -2
179 17 -7
180 172 -2
182 333 6
184 363 -4
187 204 9
187 149 3
189 298 -10
189 46 -3
192 345 -10
192 491 2
193 480 -6
194 349 -9
194 68 -5
194 92 4
196 338 6
196 443 3
196 80 7
199 112 -3
199 118 10
202 113 6
203 79 4
205 162 -3
207 232 6
207 272 10
208 305 -10
208 31 2
208 105 8
215 63 0
215 202 10
216 421 3
216 61 -9
217 137 -1
217 170 -6
218 332 -4
218 7 -9
220 251 -1
221 458 -8
221 65 -8
221 117 -1
223 384 -1
223 493 -5
223 63 3
224 382 8
226 277 -2
228 317 -6
228 367 -10
228 19 7
229 93 -9
233 314 8
233 369 -4
233 11 8
234 402 4
235 267 -5
236 194 9
237 271 6
237 48 -9
237 88 2
239 348 -4
240 139 1
243 297 -7
243 422 -4
244 177 8
246 261 3
247 456 8
248 151 -4
250 313 5
251 29 -7
252 134 2
253 286 -1
253 459 6
256 403 5
258 309 -10
258 186 0
259 308 9
259 330 2
260 280 -1
261 81 -10
263 396 -5
264 13 -4
267 293 0
268 398 8
268 161 -6
268 189 0
271 56 3
272 223 -4
272 230 -2
273 388 -7
273 105 2
275 323 7
275 186 1
277 11 7
278 146 5
279 285 7
279 406 -3
279 37 -8
280 176 -9
283 414 -8
284 103 -6
287 340 -5
289 336 -5
289 361 7
291 461 -4
291 43 -2
292 153 0
294 318 9
294 330 6
294 224 -2
294 270 1
295 52 0
296 166 0
299 149 -7
299 213 -1
299 293 -3
301 347 9
301 40 5
301 222 -6
301 298 8
302 382 7
302 469 -7
302 84 0
303 359 -9
303 414 3
303 58 -8
305 236 2
306 25 -6
308 436 -6
308 230 0
308 269 -7
309 105 9
310 483 8
311 37 2
311 41 -8
311 235 8
312 408 7
312 8 -3
312 139 8
314 449 -8
315 286 -2
316 58 1
317 343 -1
318 331 8
318 60 7
321 305 -7
322 476 4
322 125 -2
325 146 -7
326 484 -9
326 14 -1
328 100 -10
329 206 9
330 93 -10
331 400 -8
333 184 3
335 425 -7
335 111 -9
335 303 -4
337 57 -3
337 231 8
338 62 3
342 93 -5
343 484 -7
346 409 4
346 472 -5
347 380 -3
347 222 -5
347 308 -7
351 152 3
353 73 2
353 79 7
353 137 -1
354 391 7
354 70 -2
357 415 5
357 94 0
360 51 -7
360 195 -4
361 129 10
364 375 0
364 337 -9
365 91 -10
365 147 -10
366 50 -1
367 433 9
367 254 0
369 468 4
370 178 2
373 109 0
373 115 2
373 212 -8
373 281 -8
374 360 0
375 246 9
379 15 4
380 113 -7
381 209 -2
383 26 -4
383 141 9
386 406 7
386 449 5
386 113 1
388 325 -2
391 20 -5
392 403 7
392 455 -4
392 390 -1
393 93 -4
393 121 -3
393 348 1
395 191 -8
395 303 -2
398 128 -8
399 413 4
399 465 -8
400 302 10
402 96 8
403 24 10
403 106 0
405 126 -3
405 221 2
406 158 -1
408 414 -9
408 54 0
409 150 -5
409 285 0
412 108 8
412 301 -1
413 161 -3
414 36 0
415 225 -7
415 245 7
416 337 9
417 449 8
417 481 9
417 255 -8
419 225 -3
420 34 -3
421 37 -10
422 491 -3
425 57 2
425 87 -8
427 19 -2
427 334 7
428 85 -8
428 246 -8
428 369 -10
431 6 10
431 119 -10
432 457 -1
435 22 1
435 385 5
436 118 5
437 483 -6
438 7 -7
439 3 6
441 200 0
441 278 -8
442 425 6
442 440 -5
443 478 -5
443 100 -6
443 368 -6
444 113 0
444 279 -1
445 255 -7
447 473 6
447 49 9
447 318 -1
448 226 -6
450 89 -4
450 217 -6
457 118 7
457 130 -9
457 362 0
458 472 9
459 317 7
459 451 -4
460 193 -5
460 287 -1
464 267 3
466 379 7
466 422 -5
467 342 -9
467 425 -3
467 435 -2
468 93 -8
469 230 4
470 136 3
470 305 7
471 268 -2
471 311 7
472 49 4
472 101 7
474 23 4
474 264 -10
475 417 2
476 146 0
476 414 -5
477 365 -2
478 38 5
478 433 -10
480 214 10
480 253 3
480 364 8
480 375 -10
481 230 -9
481 289 1
482 175 8
482 263 -6
483 153 8
483 319 -6
485 42 -6
486 400 -2
490 48 -2
490 359 2
492 477 8
494 479 2
495 190 -5
499 160 9
