1000 1009
1 120 36
1 126 2
1 865 27
2 583 30
3 844 36
4 248 0
5 362 13
8 662 29
9 772 31
9 844 17
9 868 41
10 769 10
10 975 2
12 10 33
13 71 31
13 266 20
13 675 4
14 423 15
14 453 47
14 843 23
16 355 2
17 129 26
19 224 8
21 109 38
21 567 22
21 895 24
22 306 26
23 338 18
25 41 43
25 370 16
26 694 29
27 53 11
27 531 43
28 534 19
28 888 42
29 384 23
30 809 8
30 905 29
32 231 49
33 24 15
36 6 28
36 14 39
37 978 24
38 844 2
38 903 37
40 374 0
41 219 15
43 413 8
45 624 12
46 131 19
47 645 34
47 940 23
53 716 49
53 989 15
54 837 20
54 864 42
56 67 35
58 330 28
59 825 27
60 306 30
61 389 4
61 431 41
61 643 37
63 118 20
63 326 32
66 462 10
69 186 14
69 49 26
71 590 15
72 468 2
73 397 2
77 676 31
79 91 19
79 914 38
80 34 42
81 600 4
82 457 34
82 863 5
83 265 9
85 616 24
85 853 36
86 828 23
86 983 38
87 474 9
90 34 7
91 542 49
91 591 49
91 661 6
93 421 28
95 844 10
96 505 12
96 791 22
98 760 27
98 993 26
99 304 28
99 317 15
99 450 43
101 573 17
102 476 9
104 333 39
105 517 33
106 434 11
107 436 7
108 201 17
110 932 29
112 205 19
113 3 10
113 92 42
115 186 41
118 360 11
121 279 49
121 851 11
122 473 30
125 571 49
127 979 22
129 265 20
129 866 27
130 737 14
133 308 0
134 265 34
134 595 45
135 152 2
135 276 21
136 851 20
136 125 15
137 954 5
137 997 16
138 486 28
140 394 25
140 756 37
141 365 10
141 783 24
142 414 31
143 287 43
145 732 15
146 117 47
148 303 33
148 685 17
149 760 33
150 343 30
150 892 38
151 293 31
152 359 4
152 924 10
153 454 31
155 901 43
156 770 29
156 806 25
157 876 8
158 434 26
159 42 34
160 746 37
162 224 22
162 291 34
162 982 24
163 648 31
163 793 44
164 840 10
166 432 35
166 991 28
167 447 6
168 865 26
169 94 2
170 830 0
172 84 28
172 108 34
174 569 4
175 196 3
177 213 22
180 588 5
181 615 9
182 752 6
182 820 38
182 995 29
184 261 31
185 203 8
185 362 29
186 602 27
188 859 49
189 353 32
189 378 28
192 568 21
195 378 46
195 937 16
196 514 50
196 801 44
198 694 29
200 210 27
202 432 21
202 723 41
203 782 33
204 105 33
205 338 9
205 432 47
209 76 15
210 854 20
215 296 39
215 589 2
215 49 43
216 991 12
219 293 41
219 798 37
220 277 36
220 152 40
222 451 30
222 66 1
224 407 7
226 319 18
226 325 27
227 769 15
227 15 45
228 577 18
229 540 5
229 159 2
230 187 38
232 561 35
233 288 49
233 186 6
236 114 18
238 0 10
239 385 42
240 893 30
243 182 9
244 819 23
244 985 38
246 889 25
247 328 50
248 411 12
248 579 22
248 640 11
248 864 5
250 865 37
251 726 12
253 588 27
253 645 13
253 754 6
253 100 43
256 434 19
256 249 29
257 747 47
257 17 48
258 337 44
259 419 33
260 820 46
260 29 27
263 509 28
263 242 42
264 356 47
264 523 35
265 885 13
269 893 17
270 68 38
271 160 23
272 156 7
273 415 40
274 79 50
274 254 40
275 421 0
276 604 13
277 841 27
277 926 39
280 302 26
280 762 24
280 104 41
280 132 12
281 866 4
283 120 49
284 557 27
284 822 5
285 313 3
289 473 22
289 196 16
289 229 23
290 120 29
294 562 27
297 812 48
298 355 12
298 586 40
298 968 47
299 399 18
300 904 29
301 405 44
302 822 18
303 381 32
303 487 31
305 692 32
305 995 16
306 482 25
306 652 28
306 174 40
307 235 21
309 478 22
309 497 46
309 589 17
311 509 30
312 149 28
312 178 30
314 842 37
314 182 30
314 226 5
315 883 44
315 894 34
315 194 46
315 212 23
316 332 46
317 606 25
318 946 50
319 82 10
320 375 38
321 417 26
321 831 46
321 48 36
322 161 4
324 542 38
324 61 46
325 351 19
325 382 1
327 225 37
328 383 20
328 198 41
329 948 20
329 38 4
329 81 47
330 409 25
330 605 39
331 593 23
332 541 18
332 151 38
334 918 11
335 243 15
336 952 10
336 182 19
337 464 6
337 714 35
338 715 50
338 732 3
338 923 14
338 233 36
340 502 47
341 387 4
343 698 26
344 760 12
348 780 36
348 289 36
349 359 28
349 397 37
349 659 1
350 905 25
350 982 12
350 233 21
351 954 36
352 850 12
354 768 33
354 278 36
356 0 48
357 610 49
358 89 20
359 607 3
359 644 42
361 802 44
362 949 37
362 158 3
363 531 2
363 878 36
364 572 23
365 265 25
366 589 20
366 667 38
368 76 40
369 601 10
369 889 49
369 57 10
369 116 7
371 434 38
371 35 50
372 376 22
372 766 10
374 200 1
375 272 46
377 777 34
379 61 32
380 480 22
380 318 5
381 11 25
382 678 28
383 448 36
383 498 22
383 117 3
385 146 9
386 149 28
386 371 45
387 600 30
392 866 39
393 575 28
395 409 46
395 837 28
397 535 38
397 670 11
397 984 22
397 302 27
398 687 21
399 387 35
403 73 32
403 117 29
405 608 24
405 769 12
406 225 6
406 401 27
407 612 41
408 533 9
408 247 2
409 339 11
411 12 40
414 670 40
414 338 12
415 541 36
415 718 27
415 151 50
416 766 23
416 906 35
417 755 24
419 724 3
419 998 38
420 721 3
422 122 10
423 465 19
423 811 14
425 542 3
426 322 37
428 618 11
428 145 6
432 858 40
433 82 36
435 695 23
435 12 11
436 839 19
437 744 2
438 645 25
438 781 38
440 329 48
442 540 27
442 118 4
447 887 22
450 687 48
450 348 12
451 804 31
453 356 10
456 67 10
460 914 25
461 597 48
463 577 29
464 804 49
466 595 21
467 680 2
467 128 11
469 755 11
469 381 37
470 824 45
470 964 26
470 193 9
472 836 32
472 899 41
472 293 44
473 639 25
473 7 6
474 875 25
474 52 7
476 958 15
476 992 6
476 317 27
477 53 46
478 126 40
478 387 19
479 443 46
480 227 18
482 479 34
485 490 41
485 762 6
485 850 22
486 342 33
488 25 39
489 879 30
489 908 38
490 639 15
490 691 34
490 786 18
490 292 0
492 983 42
493 223 10
494 803 43
496 961 24
496 388 44
500 16 14
501 917 6
502 85 32
504 421 40
505 739 48
505 793 30
506 816 6
506 957 36
507 673 25
507 212 37
508 444 13
511 505 18
512 204 22
514 450 4
516 437 12
518 181 39
520 70 35
521 866 33
522 631 1
523 755 4
524 897 25
524 485 2
527 466 1
529 564 41
530 54 27
531 693 21
531 807 11
533 633 46
533 987 3
534 235 22
535 863 20
535 919 40
538 141 30
539 645 50
539 0 10
542 349 1
543 685 13
545 960 8
546 345 18
548 880 12
548 124 15
549 740 15
550 737 24
552 518 39
553 159 34
554 573 37
554 652 38
555 829 26
556 115 35
556 393 48
557 930 1
557 347 8
558 499 0
559 716 7
559 488 1
561 767 3
561 96 43
561 194 49
561 255 49
562 659 11
563 419 7
564 171 44
564 496 24
566 984 4
567 777 0
567 5 42
568 901 27
569 907 47
569 282 42
570 598 11
570 478 39
571 861 26
573 718 3
573 465 35
574 324 10
575 973 3
576 636 44
578 227 24
580 86 37
583 792 29
583 216 29
586 143 21
588 905 11
588 176 2
589 786 25
591 882 40
592 685 29
592 797 31
592 394 45
594 761 45
595 688 23
595 774 42
595 17 4
596 20 8
596 146 16
597 859 16
597 66 11
598 419 5
598 443 29
600 153 0
601 633 9
601 77 17
602 121 5
602 190 33
602 272 19
604 111 9
604 425 49
604 593 6
606 884 34
608 184 7
608 243 18
609 734 45
609 863 39
610 239 21
613 136 0
614 654 36
616 710 16
616 560 40
618 940 48
618 403 33
618 459 27
619 416 32
623 7 9
623 535 45
625 54 3
627 159 40
628 392 3
629 211 38
630 738 3
630 924 41
630 478 13
631 472 34
632 245 0
632 318 13
632 620 9
633 807 19
633 859 44
636 804 26
637 640 9
639 670 1
640 772 23
640 917 33
641 205 42
641 551 45
642 338 7
645 744 30
647 790 19
648 710 29
648 433 29
648 542 11
649 185 40
650 8 9
650 631 1
651 500 25
652 170 38
652 333 9
653 491 28
654 947 42
654 23 44
654 27 49
656 140 11
658 268 21
659 58 32
660 836 42
662 212 30
662 386 9
666 943 2
666 41 31
667 518 37
669 811 24
669 291 10
669 343 30
671 437 44
671 622 17
673 809 13
673 46 31
674 171 33
674 234 22
674 584 41
678 398 36
680 462 49
681 150 35
683 985 24
686 872 9
686 509 41
686 584 20
688 985 47
688 267 20
690 516 8
692 962 3
693 322 29
694 669 3
696 623 43
697 210 21
698 997 33
699 754 33
699 981 3
699 339 24
700 871 39
701 80 49
702 232 50
702 542 5
704 251 44
704 302 46
705 717 2
705 851 8
705 295 2
706 881 0
706 660 23
707 367 27
708 575 14
708 633 42
709 332 30
710 903 36
710 298 42
712 637 46
713 694 5
715 740 6
715 816 4
717 912 23
717 489 29
718 239 27
720 839 19
721 739 11
721 306 47
722 845 8
722 456 48
723 369 40
723 571 25
724 810 34
725 889 44
726 148 34
728 279 12
729 41 43
729 428 47
730 19 15
730 435 46
730 531 9
733 264 24
734 104 13
734 300 32
735 979 38
735 709 31
736 167 43
739 71 42
739 76 24
740 142 50
741 424 12
742 102 4
742 317 34
745 381 46
746 531 47
748 225 9
748 407 38
748 417 37
749 947 34
751 543 8
752 1 4
752 58 42
754 941 25
754 53 29
755 134 5
755 152 13
756 212 0
757 166 29
759 794 11
760 860 42
760 454 10
761 585 23
761 748 24
762 857 40
763 205 13
765 288 15
769 647 21
770 251 19
771 341 37
771 390 16
772 902 9
773 790 3
775 396 31
775 550 26
777 56 22
778 785 21
779 436 0
780 310 20
782 869 43
782 957 18
782 972 32
785 203 49
785 726 44
786 781 37
789 333 3
789 350 26
791 758 45
794 250 18
794 430 29
796 950 10
796 997 7
796 36 26
796 359 27
796 572 5
797 491 7
799 137 29
799 616 10
800 234 50
800 488 4
801 542 24
802 615 34
805 227 5
807 412 0
807 421 33
807 580 46
807 722 35
808 232 16
809 778 36
810 640 30
812 328 5
814 843 26
814 541 7
815 188 48
815 192 26
815 432 30
816 856 14
816 911 25
816 576 1
817 857 28
817 610 29
818 21 40
819 605 36
819 635 45
819 803 31
820 947 44
820 714 26
821 873 19
822 0 35
823 986 42
825 20 9
825 504 28
827 526 10
828 338 14
828 698 30
832 882 31
832 427 36
833 279 29
834 673 25
835 982 19
835 185 47
837 671 35
838 481 28
838 529 38
838 599 48
839 196 1
839 754 32
840 33 34
842 240 23
843 211 40
846 952 45
846 630 29
847 835 19
848 891 11
849 742 15
850 80 14
850 125 23
850 384 38
851 77 10
851 129 33
854 193 49
854 548 1
856 410 34
856 457 36
858 637 2
859 184 3
860 48 10
861 127 26
862 209 48
862 560 19
862 853 10
863 482 49
864 431 12
864 432 1
864 690 10
864 763 29
866 822 20
868 293 2
869 876 32
870 334 15
871 570 2
871 606 1
872 131 9
874 977 43
874 520 31
875 274 29
875 662 49
875 834 22
878 643 1
878 742 26
879 912 40
879 311 43
879 691 22
880 825 16
883 603 1
885 181 9
889 7 16
889 342 2
890 822 9
892 287 41
892 342 43
893 302 42
895 927 15
895 611 7
895 642 32
896 5 45
896 771 30
897 811 49
898 700 49
901 147 18
901 624 22
902 796 20
903 680 35
904 931 27
905 593 49
906 184 44
908 880 21
911 31 38
912 403 18
915 136 27
916 307 3
916 655 6
920 182 30
920 615 42
921 121 46
922 185 45
922 878 23
929 31 31
929 566 46
932 474 27
933 141 30
933 396 22
934 981 4
934 229 10
935 413 37
935 770 12
936 718 35
937 948 48
937 356 20
937 378 18
937 445 12
937 923 0
939 253 46
939 426 37
942 887 27
943 396 46
943 510 49
943 717 2
946 981 48
946 414 46
948 384 10
949 520 10
949 581 50
950 659 30
950 683 23
951 1 25
951 71 7
952 957 24
952 230 15
954 33 50
954 336 12
955 976 36
957 964 4
960 107 31
960 888 3
962 859 35
963 116 16
964 742 31
965 773 5
965 855 49
967 367 47
968 843 42
969 350 39
969 659 44
969 737 5
970 690 15
971 75 41
971 341 11
971 936 10
972 103 28
973 208 25
973 600 45
973 948 35
974 541 12
975 136 43
975 707 27
976 25 44
977 446 14
979 749 27
980 603 26
981 900 12
983 598 14
983 935 46
986 15 44
986 857 23
987 879 30
988 697 45
990 876 8
991 563 48
992 808 12
993 116 36
993 290 42
994 71 47
995 817 3
995 973 46
997 272 43
997 592 33
997 710 44
999 373 50
999 433 11
999 977 12
