1000 1015
0 236 2
0 395 -10
0 491 -4
0 645 -1
2 289 10
3 278 5
3 572 -9
5 681 -2
6 702 -9
8 544 -1
9 466 8
9 516 3
10 536 -7
10 539 8
10 913 -7
11 69 8
11 726 -4
15 903 6
16 377 9
17 679 0
18 100 -5
18 167 7
18 265 1
18 378 6
20 656 5
23 808 6
24 980 -7
25 905 10
29 84 -7
29 755 9
29 778 8
30 480 1
30 735 3
31 25 1
32 363 -4
32 24 -5
33 452 9
33 700 4
34 368 -8
35 437 -8
36 433 2
36 899 8
37 168 -8
37 240 6
40 433 10
43 37 -6
47 292 -9
47 467 7
47 625 -5
47 709 -8
50 409 8
50 12 -3
54 973 3
55 121 7
55 294 4
56 298 3
56 395 5
58 266 9
58 739 6
58 871 10
60 171 5
60 565 4
63 484 -9
63 909 5
64 221 -1
67 974 -5
70 201 -9
71 804 3
71 36 2
72 946 10
73 560 4
73 756 -10
74 341 5
75 735 -3
75 941 3
76 637 9
78 416 8
78 836 1
79 623 -8
79 668 -6
80 424 -7
82 266 -8
83 259 -3
84 757 -5
85 199 10
85 795 -6
86 374 -3
86 859 -6
86 929 1
88 253 -4
88 374 -5
88 902 10
90 318 8
92 398 9
95 581 7
95 778 6
96 409 4
96 523 1
96 785 -1
97 148 1
97 850 5
98 551 5
99 505 4
100 408 4
102 680 3
105 349 4
105 726 2
106 218 1
106 683 6
106 965 -7
108 285 -2
110 131 3
112 627 0
112 73 -10
113 123 8
114 303 9
115 971 -3
116 422 8
117 719 -10
120 429 -5
120 827 9
121 420 -2
121 628 6
121 656 -7
122 219 -2
124 253 8
124 409 -9
124 513 -9
125 966 6
126 763 -5
130 932 -9
132 391 -2
132 958 -5
133 472 9
134 718 0
135 644 -8
135 974 -7
136 610 3
137 906 9
138 664 10
138 897 -6
138 91 7
139 800 1
140 59 -6
142 37 -2
144 405 -8
145 233 8
146 3 -8
148 607 8
148 710 -4
148 2 7
149 161 10
152 404 -5
152 449 -8
152 789 -8
154 249 9
154 474 -10
154 571 0
154 619 -5
155 561 6
155 719 -3
155 1 -2
156 342 -8
156 368 -8
156 389 -7
157 260 -1
157 441 -10
157 969 4
158 215 9
158 414 -1
158 743 1
160 632 -1
160 699 -2
161 872 -2
161 13 -9
161 25 -5
162 826 -2
162 134 3
163 988 -9
166 61 6
167 513 -1
168 991 -10
168 992 -1
169 106 -8
170 283 9
172 522 -6
173 666 0
174 198 5
174 939 -9
177 81 -3
177 165 5
178 421 4
178 573 1
178 80 6
181 417 -9
181 762 -1
181 947 4
181 47 0
182 254 -1
182 804 -6
182 64 1
183 708 3
183 16 -8
186 345 -3
186 583 -9
186 833 10
186 980 -7
187 997 -6
188 381 8
188 489 2
189 956 6
189 988 -10
191 457 -6
196 500 -6
197 265 -8
199 231 10
201 458 0
201 685 -1
201 963 7
201 126 -9
202 990 -8
204 667 1
205 505 -7
205 832 -7
207 67 7
207 113 9
208 624 -9
208 687 -7
209 561 5
210 854 -9
214 21 -8
214 147 -8
216 832 -4
218 246 -8
218 841 5
221 294 -5
221 418 2
221 750 9
221 848 -2
223 338 -5
223 416 2
224 253 1
224 784 7
227 347 -7
227 111 -9
228 679 -8
228 121 -1
229 586 6
229 793 7
230 962 7
230 65 -4
230 111 -5
231 731 -8
231 964 6
231 142 2
232 59 -7
234 270 4
234 405 -8
236 302 9
237 154 10
238 472 -3
239 249 2
240 447 -5
241 501 -6
244 279 6
244 744 -4
245 284 -1
246 448 5
246 919 3
249 433 -4
249 219 -8
250 404 4
250 877 2
250 86 -6
251 278 -1
251 535 -3
251 126 1
257 588 -5
258 279 -5
258 548 3
258 137 -9
259 411 0
259 794 5
260 873 -3
261 827 -4
261 185 0
264 900 -2
264 993 3
268 154 9
270 300 4
270 900 1
270 1 -9
270 75 -4
272 411 1
272 119 10
273 704 5
273 951 -9
274 112 6
274 245 -10
275 482 -7
276 770 -7
278 142 7
279 534 2
280 342 -2
280 655 9
282 568 -6
283 664 10
283 71 -10
284 769 1
284 960 3
284 991 3
285 698 -2
285 850 0
285 981 -9
286 621 -8
286 56 3
288 625 5
288 896 4
289 568 -3
290 590 -9
290 76 7
293 978 -2
294 419 2
294 570 -10
294 244 3
296 824 -10
296 885 -8
297 411 0
298 599 -4
298 632 -8
298 784 -9
301 311 -10
301 399 -7
301 206 -9
302 321 5
302 575 -9
304 431 8
305 221 -7
306 293 -7
308 400 10
309 887 10
310 816 6
311 863 -2
313 571 -7
313 245 6
314 832 2
314 836 5
314 914 8
316 417 3
316 579 6
316 586 -6
318 726 9
319 628 8
319 787 -5
320 787 6
320 171 9
323 644 -9
323 741 -2
326 758 -10
326 131 2
332 997 3
334 446 -9
334 565 6
334 887 1
334 19 -6
334 25 -7
335 595 5
340 19 0
341 420 -2
341 520 -10
342 695 -9
342 761 -2
345 960 8
345 964 7
345 988 4
345 158 7
346 855 -2
346 225 1
347 708 3
347 63 8
350 806 7
351 813 -9
351 207 6
354 561 -7
355 893 8
356 452 -7
357 76 -5
358 262 -3
358 314 9
359 914 7
359 121 0
360 121 6
363 874 -9
363 120 -6
364 397 -1
367 191 -6
367 299 0
368 9 8
369 655 6
369 808 -2
370 270 -2
371 626 3
372 409 10
372 133 5
374 730 -7
374 96 4
379 823 7
380 451 7
380 768 9
380 345 -4
380 359 1
383 281 -10
384 400 -6
384 378 3
385 574 9
387 435 -10
387 33 -3
387 266 1
389 760 -1
389 874 -7
392 474 2
392 588 1
392 804 9
392 943 0
392 33 -10
393 500 -7
393 156 10
395 675 8
395 27 -8
397 208 -9
398 349 9
399 96 3
400 914 5
401 28 8
401 175 8
403 662 -4
403 34 8
405 378 -6
408 889 -10
409 587 7
410 867 -5
411 932 8
411 67 -10
412 381 9
414 317 7
416 273 10
418 901 7
418 270 4
419 139 1
420 801 -1
420 205 -3
420 277 -1
420 364 -9
421 547 -3
423 795 -10
423 874 4
424 593 3
424 741 7
424 908 3
424 213 5
424 352 6
424 393 8
426 701 8
428 962 -8
429 523 0
429 942 5
430 693 3
431 910 8
432 690 -2
433 164 4
433 304 0
433 419 -1
434 122 -2
435 333 -3
437 497 2
437 921 -10
437 273 0
438 131 -5
441 321 -2
444 874 -9
444 969 9
445 551 8
445 47 2
446 229 -4
446 435 0
447 136 9
449 946 -10
450 561 -8
452 17 -8
452 232 -7
453 615 -7
454 470 9
454 543 5
454 766 1
455 517 -8
455 530 5
457 716 -8
457 395 5
458 964 -3
458 375 9
459 518 1
462 573 10
463 763 -2
463 962 -5
466 63 0
466 459 -4
469 340 -6
469 392 -5
470 323 -5
473 321 7
475 989 -3
476 704 3
477 564 0
478 846 -3
478 204 -4
481 523 8
482 472 -8
483 560 -2
483 973 -7
484 656 0
487 565 2
488 745 3
488 959 5
488 157 10
490 736 5
493 594 8
493 951 8
494 576 -10
494 713 10
494 251 -1
495 976 -1
496 433 4
497 525 10
497 872 -3
498 564 -3
498 774 -10
498 21 -7
498 220 -3
500 231 -9
502 808 2
503 219 9
505 653 -8
505 935 -6
505 36 -7
505 256 3
507 196 3
509 771 -9
509 184 0
510 869 6
510 237 6
510 446 2
511 635 -6
513 529 9
513 278 -3
513 456 -7
513 502 -4
516 106 -3
517 698 0
517 448 0
521 709 -6
523 803 10
524 513 -8
525 349 -4
526 254 10
527 686 -2
528 678 -8
528 909 6
530 608 5
530 10 -6
531 405 -7
534 613 8
534 869 9
535 325 -4
538 583 1
538 398 8
539 821 0
540 347 7
541 83 8
542 798 -8
542 232 2
543 780 -6
544 611 4
545 677 4
549 130 2
549 141 -5
551 578 7
551 783 10
551 121 7
554 968 -6
555 252 7
556 910 -4
557 780 0
557 379 0
558 470 -8
559 805 2
560 373 -8
561 511 -4
562 399 -5
563 656 5
564 659 1
564 984 -3
568 484 -3
569 640 -5
570 679 6
572 854 -2
573 16 6
573 280 1
573 363 5
574 916 9
576 212 -9
577 270 -4
578 536 -8
579 188 -10
580 876 1
585 316 9
587 673 -5
587 999 7
589 469 -9
591 988 -7
591 374 -6
595 716 -7
597 758 -9
597 88 -9
597 180 6
598 507 -3
599 23 -1
601 909 -1
602 169 -5
603 374 -10
604 656 -1
605 562 -9
606 515 9
607 913 -3
607 66 8
607 423 -2
609 53 3
611 616 -6
611 35 0
614 680 1
615 660 7
615 316 -5
618 71 -1
620 705 3
620 362 9
623 439 8
624 910 -8
624 272 -1
625 503 -3
626 72 -6
626 534 1
627 922 10
629 366 1
630 58 5
630 298 9
631 807 -3
631 72 7
631 77 -6
631 410 2
631 554 7
632 560 2
633 657 3
633 912 -2
633 175 2
634 724 -9
636 48 -7
637 214 -9
638 921 -4
639 781 8
639 321 9
640 37 -8
641 242 10
645 789 0
647 841 0
648 871 -3
648 900 -5
648 630 7
649 686 -8
650 656 6
651 672 7
652 460 -7
653 397 -10
655 972 -3
655 114 3
656 440 5
656 610 4
658 754 -1
660 42 0
660 382 1
661 745 -8
661 392 -10
661 477 -8
663 423 6
664 716 -1
665 226 0
670 116 -5
670 436 -10
670 584 9
671 3 -1
671 47 -10
673 350 6
674 700 7
674 757 -2
674 32 -2
674 201 -1
675 254 -4
675 658 8
677 728 -2
679 405 -7
679 440 -2
682 175 -7
683 643 1
684 932 -3
685 768 5
685 908 9
686 805 8
686 857 1
687 637 -8
688 241 -9
689 680 0
690 36 2
691 658 4
692 112 -8
692 152 2
693 261 -10
696 467 -5
698 344 -10
700 500 2
702 823 5
702 327 0
704 73 -8
706 424 0
706 442 9
707 59 -4
707 176 -5
707 235 1
710 586 10
710 645 2
714 721 -5
715 797 6
715 253 0
715 588 0
716 880 10
716 596 -8
717 252 -4
718 477 -3
719 284 6
719 537 0
719 604 2
721 805 -6
722 450 -10
722 486 -5
723 976 4
724 272 -4
726 822 1
726 932 6
726 615 2
726 643 0
726 696 -10
727 405 -1
729 285 -6
729 477 2
729 617 2
731 315 1
734 78 -10
734 371 -8
738 920 6
738 697 -10
738 704 6
739 631 -3
740 486 -8
742 882 9
743 68 9
747 783 7
748 123 5
749 185 0
751 80 -2
752 301 -1
752 427 6
754 829 1
754 740 8
755 111 4
755 429 -5
756 900 1
759 46 7
762 334 7
764 34 7
764 647 3
765 236 -6
765 605 8
765 688 7
765 727 6
766 49 -6
767 110 3
768 219 10
771 625 -6
774 273 9
775 51 6
775 135 5
776 436 7
777 950 3
778 412 0
778 675 8
779 39 5
784 534 -6
786 82 -2
786 519 -5
788 326 3
788 397 -10
788 698 2
791 722 -10
792 529 6
794 949 -2
794 183 9
796 0 3
797 309 -6
797 779 -6
798 859 -1
798 425 10
799 267 7
800 794 5
801 693 -2
801 719 4
802 505 -5
803 364 -9
804 437 -8
805 880 7
805 217 -5
806 101 4
807 841 -10
808 139 3
809 715 8
810 921 -4
810 271 -5
810 333 -6
812 351 -6
813 857 1
813 419 0
813 432 -7
814 268 -1
815 448 9
821 12 -3
821 443 -4
821 586 -2
822 348 4
822 501 -5
824 901 -2
824 634 -1
824 774 2
826 951 -2
830 833 0
831 728 9
831 750 7
832 965 -10
833 83 7
834 887 -5
839 390 -8
839 683 2
840 194 -2
840 337 -2
841 857 3
841 427 0
842 571 5
843 115 1
844 356 2
845 320 -1
846 446 2
848 607 3
849 308 -1
850 574 -6
851 887 -4
851 901 4
852 954 1
852 489 -3
853 197 -3
854 145 -4
857 885 1
858 261 9
858 580 -3
859 193 -9
860 628 7
861 990 -5
864 867 6
864 873 -1
864 901 -9
865 877 -5
868 706 5
869 283 3
871 922 0
871 195 -10
871 277 4
871 473 10
872 190 7
872 555 8
873 77 3
874 252 -8
875 831 -2
877 3 -6
877 875 1
878 6 -6
880 149 -1
881 578 -4
881 676 -3
882 467 -7
882 628 6
882 656 4
883 597 -4
884 703 -3
886 879 0
887 534 4
887 622 0
888 92 -6
888 592 -4
888 675 5
892 73 10
892 441 0
894 567 10
895 82 0
896 705 3
897 953 5
897 419 1
897 783 -6
899 134 8
899 557 9
900 151 10
902 718 -7
903 574 6
904 991 1
905 607 9
907 462 10
909 180 -1
911 498 -9
914 639 9
914 708 -2
915 485 -4
916 519 -2
917 508 -4
917 706 -6
918 507 4
919 923 2
922 694 -7
923 325 -8
923 644 9
924 961 -4
924 978 -4
924 841 -3
926 425 -10
927 453 -6
929 643 -8
932 356 -3
932 879 6
934 562 2
937 150 -7
937 480 1
937 544 10
939 149 7
940 873 9
941 120 -6
942 460 6
943 241 -8
943 504 4
943 520 7
943 643 -3
945 488 3
945 626 -9
947 557 -7
947 729 0
948 19 0
949 860 3
950 213 4
950 791 7
951 913 8
951 927 -2
952 91 10
952 815 -3
953 428 -7
953 896 -7
956 10 -5
956 124 -9
956 571 -7
957 347 2
961 226 -7
962 653 -7
963 317 1
968 976 7
968 322 -5
970 949 6
972 659 8
974 515 8
976 359 0
976 616 -10
977 330 -4
977 872 -6
978 236 -9
978 319 -7
978 343 8
978 527 9
978 616 0
980 577 -6
982 360 0
983 405 7
984 375 9
984 835 -4
984 963 4
987 770 -4
989 313 1
989 493 -5
990 508 6
990 807 7
990 961 -1
991 394 9
992 547 -1
993 622 3
994 727 -5
996 645 -7
999 517 4
