5000 4977
0 713 0
0 3617 1
2 212 6
2 3424 -8
3 1377 2
3 3637 -1
5 687 -10
5 2107 2
6 1341 -7
6 4308 1
7 3926 8
9 2028 9
10 1095 -7
11 4503 -5
12 1323 -3
12 4384 7
13 3195 4
16 197 5
20 1220 -4
20 2265 -3
20 3011 7
21 2658 -9
21 4131 -5
22 3598 4
23 3415 8
23 4384 -4
26 398 10
27 2291 3
27 3320 -8
29 2124 -10
29 4073 5
31 240 -2
32 393 3
32 2234 10
34 291 -8
36 817 -6
36 2034 -8
37 878 -5
37 4546 -8
38 4843 9
39 4217 1
40 3294 -7
43 2065 7
43 3823 9
45 1461 2
45 3497 -4
46 334 -5
46 4703 9
47 1475 5
48 2927 0
49 1371 -10
49 1903 -5
53 2140 4
58 2454 -1
58 4631 -10
59 4715 -10
61 3776 3
61 3856 -6
62 1228 0
62 3086 -8
63 1877 4
63 2784 7
64 1392 8
65 1251 -4
65 2807 3
67 3761 10
68 1866 -8
68 3608 6
68 4175 5
69 3219 -8
69 3459 -6
70 3845 3
74 699 6
76 3380 2
77 4743 2
78 541 4
80 4668 -6
82 4185 -2
86 299 1
87 642 10
87 900 -6
87 3007 -2
87 4307 -8
90 4525 -9
92 2687 -1
94 1969 -9
95 1151 -7
95 2010 -4
96 3994 1
99 4154 4
100 1499 -6
101 4717 4
102 266 -2
102 1072 -6
103 1374 3
103 2908 6
104 2860 -6
104 3896 6
104 4676 10
106 2926 -9
106 3210 -10
108 272 6
110 1926 1
111 2110 -2
111 2556 4
112 2421 -4
113 2391 -3
114 1441 -10
114 4089 -9
119 2527 2
119 2701 8
120 1637 -3
120 3317 -4
120 3525 4
121 3813 1
121 3844 -7
122 784 -2
124 2466 5
124 2902 0
124 4491 9
125 2888 6
126 2443 8
128 1975 10
128 4492 -5
129 3770 0
130 2458 8
131 3889 3
131 4918 5
132 2697 -3
134 2838 -9
134 4660 -5
134 61 8
135 1640 -5
135 2523 1
135 2923 -6
135 3623 -8
135 3968 -6
139 3056 6
140 433 9
140 2960 9
141 365 2
141 2128 6
142 1949 8
142 2215 -5
143 4400 5
145 1653 -3
145 4535 10
147 843 9
147 1721 6
147 2582 -1
148 3894 -8
151 1564 8
151 2534 -7
154 3024 2
156 3282 6
156 4537 -4
157 4637 -9
158 393 -9
158 866 -1
159 636 -10
160 1871 7
161 3014 9
162 1944 -6
162 2345 -7
163 2395 -2
163 2424 -7
164 2913 -4
165 4142 9
166 1932 1
166 2661 -7
167 4319 -10
168 3073 10
169 1782 8
169 3976 9
170 1651 -6
171 2175 2
171 4900 8
172 1318 3
172 2539 -5
173 1026 0
173 4367 -8
173 4775 4
174 500 3
175 411 -3
175 2808 -1
177 2136 2
180 112 -8
181 4148 3
182 686 -5
182 3665 -9
183 136 -2
184 2855 -8
184 3699 -7
185 1263 0
185 4387 -2
190 4385 -1
191 618 -1
191 2274 -9
192 1988 -7
194 1272 -8
194 1749 3
196 3442 5
196 4139 7
196 4381 -3
198 561 -8
198 1837 -8
202 40 0
205 366 -1
206 1662 8
207 4434 -6
207 117 10
208 2817 -8
209 801 -10
209 4201 7
209 4958 -3
210 2673 -6
210 4771 -3
211 2596 -4
212 1147 -8
214 894 0
215 4149 6
217 4522 10
218 3152 -4
219 1399 -7
220 3630 6
223 558 -8
226 2238 5
228 2972 -1
231 708 -3
231 839 2
232 2784 2
232 67 5
235 654 -4
235 1382 -6
236 363 6
237 497 -5
237 2903 -3
237 4214 2
237 176 10
238 1846 6
239 659 -9
240 513 1
242 270 3
242 1011 -8
243 479 9
244 4315 -7
245 4279 1
246 1727 -2
246 2899 -8
250 919 5
251 288 6
252 396 -4
254 4315 6
255 4592 10
256 4963 5
257 1877 -2
257 2524 10
257 3823 -3
260 3026 1
260 3292 -8
260 4178 9
261 470 7
261 1486 10
263 600 -4
263 1056 -1
263 1079 -3
263 3716 2
264 2700 4
264 3429 3
265 4101 -5
266 1042 1
266 4002 -7
268 3576 -8
269 1085 0
274 1519 -7
274 2517 4
274 4687 -1
275 4750 -1
277 2380 2
277 4543 -8
278 1630 -5
278 1898 7
279 4304 -6
279 4643 -1
282 3435 6
282 4873 -5
284 1936 -2
285 1961 -1
287 1995 5
289 1433 5
289 202 8
290 1736 10
290 3000 0
291 563 1
292 3185 -7
292 3568 -1
293 4279 3
294 4323 -2
295 4787 -2
296 2237 -10
296 3742 4
297 808 -1
297 125 -10
300 4737 -1
301 1427 -4
303 1593 7
303 4740 -8
305 2215 1
311 399 -9
312 3843 2
316 1026 -9
316 4326 1
319 2381 6
320 4801 2
321 3062 -10
324 1070 -5
326 4842 -5
327 417 6
327 4624 -5
327 4994 0
328 1121 10
328 3112 -4
331 803 -3
332 1234 4
335 4486 1
336 2306 2
339 4960 0
340 4885 9
342 2550 4
344 4529 -8
346 3166 5
347 2032 -7
347 2237 1
348 2353 -6
349 326 6
351 3290 -1
352 1195 -10
352 2511 2
353 2643 -5
354 2633 -6
358 2832 9
360 2700 -10
361 1591 -3
361 4646 0
362 369 9
362 2912 -2
363 2126 7
364 1739 -9
365 827 10
367 660 -8
367 3243 4
370 1816 -4
370 2831 9
371 4406 -6
372 1965 0
374 956 0
374 1448 5
375 843 -1
375 2150 10
375 4136 0
375 4961 -6
376 3819 -9
376 4394 1
377 1727 3
377 4736 -7
378 1145 2
380 145 -3
381 1800 -4
384 3629 0
384 4352 -7
385 4231 8
386 750 6
386 4840 -8
387 3960 -3
388 453 -3
388 2345 -7
389 408 10
389 4326 9
391 2436 1
393 3266 1
393 95 10
394 291 9
396 2481 -10
396 2858 -1
396 3419 -10
397 3341 7
398 2519 3
402 3534 7
404 447 -3
405 2519 7
413 2473 -2
413 3081 -8
413 4583 2
415 2232 -7
416 793 -4
416 1142 -4
416 3804 -9
416 3967 -9
417 2276 4
418 1041 -8
418 2640 -4
422 4827 -6
423 3904 -10
424 3831 -2
424 4569 -1
426 4925 -6
426 302 -9
431 954 4
432 1936 -3
433 651 1
433 2970 9
433 4008 1
435 667 9
435 4816 0
436 3659 4
438 1844 -1
438 2320 -2
439 4114 4
439 228 -10
441 1638 -7
444 322 -4
445 2462 -8
445 4431 -7
445 4933 9
446 555 1
446 664 8
446 1913 5
447 1083 -8
447 3194 4
449 1148 7
451 3472 7
452 3333 -2
453 1798 10
454 1633 7
456 4271 9
457 3775 7
459 2656 3
459 3280 -2
460 3995 5
460 4862 -1
460 442 3
463 1142 2
463 3302 6
464 929 3
465 274 9
466 707 -4
466 969 -1
466 1503 -8
467 3484 -10
469 1690 -9
469 2574 -10
469 3388 6
470 2110 5
471 504 10
471 1130 6
471 1797 -5
471 40 10
472 2510 -4
473 1514 10
474 1145 3
474 2203 -9
474 2887 0
474 3069 -10
476 4564 -5
482 4431 10
483 1073 5
483 1405 2
485 2884 2
486 2245 -7
486 3152 10
487 2373 7
487 3960 6
488 1920 9
488 3032 7
488 40 3
489 876 10
491 2968 10
491 3333 -8
491 4523 10
492 1384 4
492 1720 -2
495 2783 -1
495 3509 -9
498 3012 -10
500 891 -8
501 970 1
501 3212 4
502 1102 -2
504 3614 6
505 849 9
507 6 7
510 4095 1
511 2979 -10
513 1502 7
513 3550 -10
515 4872 2
517 4711 8
519 981 6
519 4726 -7
521 904 7
521 3999 -10
522 2643 8
524 4813 -2
525 4476 -6
526 4178 6
527 486 1
531 2591 -6
531 2908 -5
533 1602 -8
533 4242 -10
535 986 3
535 1346 1
536 3934 -7
537 549 -8
537 3075 -7
537 74 4
540 4793 6
541 2194 10
541 3188 -10
541 4514 2
549 1319 7
549 1592 -10
549 1847 9
550 3497 2
550 4489 6
550 4582 -4
550 4768 -3
552 1401 1
552 4818 3
553 861 3
553 4696 -6
556 1538 -10
556 4619 3
557 1810 8
558 4724 -5
559 1670 -6
559 2094 2
559 2541 9
559 4559 -4
559 302 5
561 3594 -9
562 4912 5
563 1092 9
564 1327 -7
564 1356 -2
565 2577 1
565 3273 7
566 839 7
566 1205 10
566 4071 -5
567 1164 -5
569 1811 -5
570 4267 -10
571 4891 -4
572 1470 8
573 1828 10
573 423 -3
574 666 7
574 4936 3
576 3020 -2
576 3623 -4
577 4274 -4
579 2953 -1
581 1880 5
581 465 -2
582 1437 1
584 2271 -8
585 933 1
585 3838 0
586 3239 -7
586 4409 -8
586 519 -10
587 2822 2
587 4877 10
588 1246 3
589 1539 -4
591 4527 6
591 456 1
592 3040 -6
592 235 -9
593 2882 -3
593 270 3
594 252 -2
596 3979 -9
597 1046 -4
597 4541 -9
604 4225 -4
604 208 -9
606 4898 -8
606 4969 4
610 2864 5
610 4379 1
611 4391 3
612 3118 7
613 1446 5
614 75 -1
615 1763 9
617 257 -4
621 3057 0
621 4892 10
622 4334 -6
623 2528 5
623 2559 -1
623 4142 -7
624 2812 0
625 2686 0
627 1393 7
627 2516 6
627 2710 6
628 2645 -9
629 1758 -3
629 4782 4
630 885 3
630 4291 10
631 2643 7
631 4487 -2
632 3124 -3
634 1651 -10
634 3053 9
635 4012 1
635 4275 -2
638 1782 -1
639 2516 -10
640 2081 -1
643 1372 -3
643 4014 6
644 2431 2
646 3652 -5
646 4799 3
648 4884 4
649 2254 7
649 2420 9
651 3007 -9
652 4257 -2
653 1758 -9
653 247 9
654 3225 5
655 1805 -6
657 1654 3
657 2255 -5
658 1939 -3
660 4579 -8
660 319 -10
662 554 3
663 778 -10
663 1929 0
663 4031 9
664 1721 -7
664 2625 2
665 373 4
666 2243 1
666 3485 2
667 2177 -2
667 3981 -5
667 367 5
669 324 7
673 4272 9
674 1418 7
674 3240 8
675 3798 2
676 4638 8
676 4960 -4
678 2677 0
678 3781 9
679 1036 8
679 138 7
680 2825 -5
680 2828 -6
680 4458 6
682 4011 -10
685 981 -4
686 4732 6
688 3668 -7
691 1960 3
693 1275 10
693 1888 2
694 2017 5
695 1514 7
695 4671 10
696 3396 10
697 1993 7
697 2459 10
697 2848 -10
698 2286 1
698 4780 7
700 1870 3
701 303 5
701 347 3
705 1112 -6
705 1974 -6
705 532 -5
705 569 7
707 1464 -8
707 2513 -5
707 3000 -10
707 384 2
708 4864 -3
709 3196 10
710 73 2
714 2153 -3
714 3182 -6
714 3206 7
715 910 -10
715 1971 -8
716 2441 7
717 3465 -8
717 4377 9
718 3684 -5
720 2006 2
720 3284 7
721 880 -8
721 2696 1
724 4706 -10
724 170 -10
726 2488 -5
729 4455 -3
729 31 3
731 1597 -3
733 2696 5
734 267 10
735 3050 -6
735 3837 8
737 2319 -1
737 2404 3
739 2964 -2
740 2200 2
742 1095 2
742 1689 10
744 2168 8
745 2547 -10
746 4338 -7
746 4716 -10
746 672 -1
747 3050 -6
749 528 9
750 3057 9
751 3571 0
753 2431 -6
754 2963 9
755 2052 -3
755 3810 9
764 4142 -10
765 1770 -2
765 4079 0
771 3023 0
773 897 4
775 2562 -3
775 3903 -5
776 506 -5
777 3389 7
778 3039 3
780 3998 9
784 1201 9
785 4634 9
786 3216 8
789 813 -2
789 2391 -7
789 3532 4
790 3714 -5
792 2248 -8
795 4964 -3
795 128 0
796 3859 -9
797 2771 -10
797 2932 6
799 1586 -2
799 1689 -1
799 4421 -8
799 4609 4
800 3825 6
802 2546 7
802 4821 -7
803 1247 4
804 1346 -8
804 4464 -6
804 141 4
805 1685 -8
806 628 8
807 1743 1
808 1376 7
808 3362 -9
808 4923 8
810 4709 0
811 4861 -1
816 23 -8
817 830 5
818 972 -1
818 4310 4
819 3325 7
821 1710 -1
821 2673 8
824 3724 -3
828 2511 -6
829 64 -6
833 2856 9
833 3505 6
834 4948 -1
835 1205 -3
836 2982 9
837 1514 -2
838 3158 -8
840 4693 -6
842 306 -8
844 2683 7
845 3190 -3
845 3259 2
845 3458 6
846 1406 -3
846 4100 1
848 737 -2
849 1117 7
852 1025 7
853 4169 2
854 870 2
854 809 -9
856 4630 -3
857 1367 -2
857 2511 -4
859 3871 10
859 4824 3
861 2032 0
861 4197 9
861 552 7
863 581 1
864 4481 5
867 1424 -6
868 3245 0
868 3826 7
869 3379 -2
869 4215 -2
871 2485 -5
872 3560 6
873 487 -6
875 2202 -2
879 996 -7
879 3064 -4
879 628 -9
880 912 3
880 1441 1
880 1651 1
880 2163 1
880 565 -1
881 2340 -6
881 2861 -1
881 3144 -3
882 783 -10
887 1274 3
887 1801 7
889 1946 -6
889 3080 -7
889 4315 -1
891 718 5
892 1528 -4
892 2302 6
892 2321 3
892 3166 -2
892 4914 0
892 250 -5
893 1057 5
893 2330 7
893 3585 8
894 1516 6
894 2517 -9
895 1972 1
895 2517 6
896 2234 -5
899 2477 -5
899 2548 5
899 2891 2
900 501 -2
901 4441 9
902 2748 10
902 817 -3
903 2527 7
903 449 6
906 1962 8
907 1016 -1
908 4032 4
908 443 7
909 2028 1
909 3214 -4
909 4220 -5
910 3159 -4
910 4369 -2
911 1328 -4
913 4332 0
914 1165 2
914 4362 3
915 2193 -10
917 3560 10
919 53 -5
921 805 -6
922 1317 -5
922 4159 8
922 4418 -3
925 3913 0
929 2451 8
929 3835 -10
930 2491 -1
931 4570 -4
933 119 6
934 1338 0
935 4287 -6
936 4188 -5
937 1353 5
937 3904 8
938 1557 7
939 2155 -1
939 477 -4
941 1268 -9
941 1723 2
941 4118 6
942 1076 2
942 810 -8
944 1 -7
945 1991 -4
946 4389 3
948 2604 0
948 4320 7
949 4137 10
949 204 4
950 3222 9
950 3737 -2
952 3899 4
952 351 -7
954 4359 -3
955 115 2
957 4072 1
958 4125 -1
958 4669 -9
962 4060 7
963 3526 2
963 3940 -4
963 220 6
964 3902 -7
968 1595 -9
968 2495 -6
969 1248 7
969 2229 4
971 2703 4
971 4966 -4
972 1306 -9
972 2709 3
973 3297 -9
973 650 0
974 1165 -8
976 1020 8
978 3129 10
978 4463 -6
979 1063 3
980 1044 7
980 2423 8
981 3033 8
981 3087 -10
982 3593 4
986 4895 -6
988 4239 -6
988 4625 9
988 400 1
989 4513 -10
989 478 -2
990 3853 -9
990 4620 -4
993 1520 -7
994 1018 10
994 3124 -2
995 4122 -6
995 218 1
996 4327 -2
996 828 -9
998 2784 2
1000 803 6
1000 835 -3
1004 1605 6
1004 2140 -8
1004 3447 1
1005 4534 -7
1005 454 4
1006 4213 3
1006 648 -6
1010 2132 0
1011 2770 -7
1011 1010 -2
1013 2869 6
1017 1286 -7
1017 485 8
1022 3398 -5
1023 2267 10
1023 923 3
1024 2038 0
1025 3618 -8
1026 1779 6
1027 4011 3
1027 169 -10
1027 499 5
1028 3144 6
1029 928 -7
1030 3415 -10
1030 3608 3
1031 1570 -10
1031 2094 -8
1031 553 -1
1032 3641 -4
1032 4862 8
1033 4229 -3
1034 1543 -8
1035 2244 6
1035 2513 5
1036 2077 2
1036 3838 -6
1037 2076 6
1042 3173 10
1042 4685 0
1043 2624 3
1045 4873 -8
1047 185 -3
1049 4039 -7
1049 74 0
1051 3871 4
1053 3207 -3
1054 2954 7
1054 3481 10
1055 2427 -10
1057 4717 6
1057 20 6
1058 550 0
1061 3744 3
1063 1291 -5
1064 4401 -4
1065 4232 -4
1066 2157 8
1067 389 3
1068 3500 1
1068 3890 -2
1068 4120 -1
1069 1655 7
1070 3476 -7
1072 1613 -2
1072 4582 -4
1072 422 -5
1073 1578 -10
1073 3313 5
1073 3935 4
1075 4637 6
1079 1279 -6
1079 1375 0
1080 697 0
1080 961 -3
1081 856 7
1082 2434 -7
1086 2830 -1
1089 4572 4
1090 1521 8
1090 1728 10
1091 1555 -8
1093 1520 7
1093 2844 -9
1094 1347 1
1094 598 -4
1095 1256 3
1096 795 7
1097 1719 8
1097 938 -7
1098 1398 6
1098 2249 9
1098 3410 5
1100 2873 9
1101 2947 3
1101 4490 -2
1102 3899 -6
1104 1239 -10
1107 2180 -8
1108 3623 -7
1109 4907 4
1109 176 -10
1110 2032 2
1111 1747 -5
1111 273 8
1112 1576 6
1113 1380 8
1115 2574 3
1115 3500 -10
1117 3334 5
1118 4605 6
1122 1216 -1
1122 2561 -1
1122 3478 9
1123 1741 10
1124 1388 -5
1125 2287 -6
1125 3008 1
1126 722 10
1126 1122 -4
1128 884 2
1130 4448 2
1130 489 1
1131 2694 3
1131 2760 10
1131 38 3
1132 1420 -5
1132 4284 0
1133 1754 -6
1134 2224 5
1135 539 -6
1136 318 -8
1137 4587 -1
1137 1058 5
1139 1155 -9
1140 2345 -4
1143 3200 2
1145 4977 -2
1145 1053 2
1146 2114 -4
1147 3836 2
1148 4516 -6
1149 3263 6
1151 2122 -10
1151 558 -5
1152 1612 8
1152 3932 6
1153 4155 -8
1153 919 -10
1154 1510 -6
1154 1034 -3
1157 1921 -9
1157 2098 7
1158 4922 -3
1159 3315 -6
1159 4993 9
1161 1489 3
1161 426 -4
1162 2991 -2
1162 3167 -7
1165 2423 0
1166 2378 4
1169 3141 10
1170 4026 -9
1173 212 -7
1173 691 -6
1174 1204 1
1176 3021 -6
1176 991 1
1177 2004 2
1177 844 -8
1183 3523 -3
1188 3364 8
1188 4893 -6
1189 2271 -5
1189 3429 6
1189 4945 -10
1191 2475 -10
1191 3054 -8
1191 810 -9
1191 856 7
1193 1394 -9
1193 4554 4
1194 1648 8
1195 82 6
1196 644 -10
1196 1032 -7
1197 4467 9
1197 1041 5
1198 1144 0
1199 2510 -3
1199 4655 5
1200 1178 7
1201 3552 1
1201 476 3
1202 4531 -8
1202 1057 -6
1203 3659 8
1203 507 -5
1204 2100 -6
1205 1837 0
1206 2278 -2
1206 4507 -8
1207 1806 -2
1207 3973 3
1208 1347 9
1208 2677 -1
1208 438 1
1209 1916 -3
1210 2684 -6
1212 3163 2
1212 641 0
1213 4340 8
1213 918 -6
1213 949 -4
1214 3012 -6
1214 4138 9
1215 3309 -10
1216 3457 -2
1216 4183 7
1216 489 -1
1217 2886 9
1217 3610 3
1218 1846 0
1218 45 3
1219 2818 8
1219 369 -10
1220 4051 2
1223 1974 7
1225 1182 -1
1226 120 5
1227 1726 -1
1227 4983 -8
1228 780 -6
1229 1134 0
1230 2092 7
1232 2352 -7
1232 3093 6
1233 4095 4
1234 1532 -8
1234 2613 -4
1235 359 5
1235 1036 3
1236 3614 -6
1236 4438 4
1236 4614 -9
1236 4688 -5
1237 3443 2
1238 3387 0
1239 2017 10
1239 3128 -7
1243 1977 -5
1246 2854 3
1247 406 10
1248 1940 -3
1248 3668 5
1249 2778 -9
1249 3583 8
1250 2931 4
1250 3524 0
1251 4437 -3
1252 1023 -1
1253 4308 -1
1255 3024 0
1257 1283 4
1257 129 0
1258 4367 4
1258 799 1
1259 3862 -5
1259 762 3
1259 1085 4
1260 4564 -7
1261 1904 3
1261 4043 0
1261 4544 -3
1261 4910 2
1262 4436 -4
1263 4065 -8
1264 4196 -9
1264 4197 -5
1266 1556 -9
1266 3067 -8
1266 3212 3
1267 1567 -6
1269 474 -7
1270 659 -9
1271 2976 10
1272 3247 10
1273 2153 1
1273 4794 6
1275 1646 -8
1279 1753 -7
1283 446 -4
1283 671 5
1284 1894 -8
1286 3364 8
1287 1544 5
1287 739 9
1288 3494 9
1290 1833 10
1290 878 7
1291 2535 0
1291 546 -4
1291 984 -9
1293 3242 -1
1293 3254 -5
1294 170 -6
1296 2332 5
1297 67 2
1297 452 3
1302 3251 1
1303 3794 8
1308 4595 3
1309 530 -6
1310 2480 -1
1310 1220 1
1311 874 -4
1312 2509 -8
1312 1006 2
1315 2762 -8
1315 505 6
1317 2145 -6
1317 2908 10
1317 3642 4
1317 193 5
1318 1009 5
1319 3520 -4
1322 2297 -5
1323 641 -6
1324 2790 -1
1324 4489 5
1325 3228 -3
1325 4952 8
1326 2271 7
1326 4593 2
1330 381 5
1332 33 -9
1333 2159 5
1334 134 0
1336 1222 6
1337 1142 10
1337 1311 -9
1338 1389 7
1338 4324 -3
1339 284 -4
1343 3389 9
1344 1026 4
1346 2897 0
1349 1978 -3
1349 3482 -10
1351 2952 4
1351 4507 -9
1353 3301 -7
1355 1642 -10
1357 2357 -2
1360 756 1
1360 1057 -2
1362 1609 2
1362 4481 9
1363 53 -9
1364 2392 -5
1364 3326 -10
1364 3434 -4
1364 3977 -5
1364 4350 -2
1366 2030 9
1367 1744 8
1368 2570 -5
1368 3223 6
1368 4579 -7
1369 2198 3
1370 1400 0
1371 2979 -6
1372 2418 8
1372 3495 5
1372 4550 7
1373 3682 2
1374 1500 10
1374 4290 1
1375 3120 -10
1378 2685 6
1382 4938 -3
1382 855 -7
1383 2161 -2
1383 4517 -8
1387 1768 10
1387 3257 -1
1388 4330 2
1389 3079 -3
1389 3423 -8
1389 988 6
1390 2405 -5
1390 118 -2
1391 1440 -5
1391 796 7
1392 4698 -3
1397 3271 -1
1398 4266 9
1401 4099 1
1407 3863 9
1408 2048 -1
1408 3576 6
1410 2246 -7
1410 1184 4
1411 2678 -4
1411 2838 4
1411 3175 4
1413 2064 -4
1414 4018 8
1416 548 -10
1417 3973 -9
1420 1226 -10
1421 4684 3
1423 2646 9
1424 1617 8
1424 4950 7
1424 714 -6
1427 3417 -1
1427 4153 5
1427 4683 1
1428 1769 8
1430 1501 -8
1430 4344 9
1431 1328 -9
1432 2286 10
1432 4798 -5
1433 3670 -2
1434 2618 2
1435 318 9
1436 3392 -10
1436 586 8
1439 1313 -8
1441 2772 4
1442 1399 5
1443 4723 -7
1444 2586 -6
1444 4785 1
1445 1554 8
1445 1758 6
1445 2151 9
1445 2382 -5
1445 1339 6
1446 36 -3
1447 3480 10
1447 4981 4
1447 23 -2
1449 1741 -7
1449 3246 -2
1449 3485 9
1450 1637 -1
1450 2068 -5
1450 2174 -9
1450 3263 -2
1452 1214 -3
1453 2463 -6
1453 4570 -1
1457 2054 -10
1461 1911 2
1461 676 9
1463 2328 -3
1463 2818 -10
1463 3921 0
1464 542 2
1464 1157 4
1468 1656 -5
1468 2171 7
1468 3860 10
1468 4887 -10
1470 2607 -4
1470 241 7
1472 833 -2
1473 3991 4
1474 3363 4
1475 3982 0
1477 1542 10
1478 2928 5
1483 1031 -1
1484 4082 3
1486 721 2
1487 4227 -5
1488 3966 -2
1488 819 9
1489 1093 -7
1490 2583 -7
1490 528 -4
1492 2503 -1
1492 261 -7
1492 1485 -6
1493 4846 -1
1493 407 9
1493 1093 4
1494 993 -1
1495 1724 -7
1495 3110 1
1495 1005 5
1496 2706 6
1496 3038 7
1497 3553 -9
1497 1437 7
1498 1324 -3
1499 2124 -5
1500 2199 -2
1500 841 3
1501 270 -1
1503 2768 -7
1507 2540 7
1508 3842 3
1508 1329 0
1510 4508 7
1511 3475 -1
1513 247 0
1514 943 -10
1516 861 5
1518 4038 -2
1518 4638 -8
1522 2068 9
1522 3766 -9
1525 2239 1
1525 2864 -5
1525 17 2
1525 1175 -1
1527 4023 -2
1527 738 4
1528 2262 -8
1528 4084 0
1528 4199 4
1529 1651 -10
1529 2718 2
1529 4339 -6
1529 1045 3
1530 2300 -10
1531 1929 -10
1531 4884 -7
1531 941 0
1532 2025 5
1533 893 -5
1534 2610 5
1535 2169 -10
1535 3867 10
1535 357 -5
1535 1148 5
1537 2868 2
1539 1653 6
1539 840 6
1540 2158 -4
1542 1944 8
1542 4474 -3
1543 4845 -8
1544 4743 0
1545 0 8
1546 3068 -2
1546 863 8
1548 4725 -6
1551 2410 9
1551 2443 5
1552 3975 3
1553 1221 4
1554 3050 9
1558 1933 9
1558 2639 2
1559 1140 -6
1560 4358 7
1562 841 -6
1563 1827 -6
1563 4897 -10
1563 857 4
1564 971 -4
1565 635 7
1567 2073 7
1567 1027 10
1568 4529 -5
1569 4910 7
1570 1190 7
1573 3277 -2
1573 3483 -2
1573 1162 -5
1574 2762 4
1575 3517 -10
1578 3013 -9
1578 1538 -8
1581 3802 -4
1582 2291 1
1583 4903 -3
1585 1960 5
1585 2301 1
1586 433 -4
1588 2381 7
1588 4034 0
1590 2855 9
1591 2463 10
1591 4690 0
1592 1803 -9
1596 2962 9
1596 4413 -7
1597 1580 8
1598 4258 0
1600 3835 5
1601 2657 -7
1601 3093 2
1604 3551 -2
1606 2249 5
1606 966 -8
1607 3229 -9
1610 3827 8
1611 4729 -5
1612 4340 -2
1613 2729 7
1613 3806 -1
1615 3677 -1
1615 4180 -7
1615 1376 4
1616 461 -5
1617 3329 8
1619 3910 -7
1622 1230 7
1623 1365 2
1624 3018 -3
1625 4213 10
1628 2481 8
1631 2917 -7
1632 3038 2
1632 3933 10
1633 4478 8
1634 2435 10
1635 63 -9
1637 850 1
1638 1713 2
1638 1164 10
1639 4590 10
1642 2800 8
1642 3327 -6
1642 4704 3
1646 1944 6
1646 2565 8
1648 2066 -6
1648 4622 5
1650 4757 3
1652 4977 4
1653 2684 3
1653 1025 -2
1653 1324 10
1655 3178 9
1658 2511 1
1658 2952 6
1659 4093 -5
1661 2030 5
1662 36 10
1662 422 -1
1663 3213 8
1665 482 -9
1668 1491 -10
1670 3385 7
1670 67 -3
1671 1057 -2
1672 21 0
1673 2981 6
1673 437 2
1673 659 3
1674 2980 -1
1674 1394 -2
1678 3388 7
1678 3481 10
1678 4170 8
1680 500 0
1681 3205 2
1683 1794 7
1683 2254 -3
1685 4122 -2
1686 662 -4
1687 2890 2
1688 3921 0
1690 2810 -7
1690 4012 -10
1691 2969 4
1692 2389 3
1692 3864 -8
1692 4198 -6
1692 4854 3
1694 3446 -10
1694 4380 -1
1695 2601 -8
1695 3675 9
1695 4549 0
1696 4314 -6
1698 4202 -6
1699 1426 -1
1700 1488 4
1703 2824 -1
1704 387 7
1706 3396 9
1707 2155 9
1707 1467 -6
1708 2702 -1
1709 2846 10
1710 2229 4
1710 1332 10
1711 1147 -8
1712 2640 -9
1712 3160 9
1712 817 4
1713 3064 -1
1713 4007 -5
1714 2904 0
1715 2468 10
1715 2842 6
1716 4713 8
1719 3220 -1
1719 4927 3
1722 4991 3
1723 3715 -10
1724 2692 5
1724 3503 2
1724 3711 -1
1724 1443 -4
1725 1968 -4
1725 4966 5
1728 4989 -4
1729 3808 5
1732 739 5
1734 3794 -3
1736 2376 -3
1736 4379 3
1737 1989 -4
1739 566 6
1747 3910 -3
1748 2253 5
1748 2278 -6
1748 3815 10
1748 645 8
1749 3539 -9
1749 675 9
1750 2541 3
1750 223 -4
1751 2800 -8
1752 2317 6
1752 613 -9
1753 1693 8
1754 615 7
1755 3353 -1
1755 1153 7
1756 3412 -2
1757 4530 3
1758 3323 -8
1758 3819 7
1759 4654 8
1759 4788 -9
1762 375 9
1764 2303 -8
1764 3724 0
1765 877 -3
1766 3436 3
1767 1995 -10
1768 3029 4
1770 2392 -10
1775 3327 9
1777 4574 1
1778 2600 -2
1779 2601 0
1779 4325 1
1782 1819 0
1782 2902 2
1783 3888 1
1783 4457 -2
1783 1050 2
1786 3686 -2
1786 4933 5
1786 1650 3
1787 230 0
1787 356 -10
1790 2522 -5
1790 4858 -2
1791 2944 -8
1794 4325 -7
1796 3264 10
1796 4463 -2
1796 409 -7
1797 2082 -9
1798 4158 -6
1800 3625 -2
1800 33 6
1801 2379 9
1802 298 -4
1803 3070 1
1803 620 -4
1804 3094 -10
1804 4234 -9
1805 3832 -3
1805 1703 -10
1806 148 2
1807 3223 9
1808 2382 -10
1808 4225 5
1808 929 -3
1810 4286 -4
1811 2448 5
1811 3822 -5
1812 321 10
1813 13 -3
1813 851 -6
1814 1954 -6
1814 4631 5
1815 1540 -2
1816 970 2
1818 1179 -6
1822 3748 1
1822 157 3
1823 4301 -3
1824 2826 0
1825 4698 9
1827 1047 0
1828 1952 -8
1828 1496 6
1830 1882 -7
1830 3567 6
1830 4176 -1
1830 4713 -3
1831 1114 -3
1832 3355 3
1832 4805 -1
1833 2209 -8
1834 4265 7
1834 1113 0
1834 1755 5
1835 1356 -2
1836 3500 4
1837 2547 9
1837 721 5
1837 1080 -8
1838 4483 -1
1838 1649 -5
1839 2012 -6
1839 2851 8
1840 4022 -5
1841 2456 0
1842 2558 -7
1842 1107 2
1843 2087 9
1843 4537 10
1845 1078 -4
1846 3399 0
1849 2176 -4
1858 610 4
1858 728 10
1859 647 7
1860 3299 7
1862 2578 3
1864 635 4
1864 660 -5
1864 969 -4
1867 2835 -8
1869 337 -8
1870 2270 5
1871 4535 -4
1871 4601 0
1872 2955 -7
1872 4628 -4
1873 3765 -3
1875 3469 10
1876 33 1
1878 2348 -10
1878 2516 -8
1878 2783 4
1878 3006 -10
1878 1170 -9
1878 1178 -2
1879 769 -2
1881 2723 5
1882 2337 10
1882 4704 0
1882 1404 3
1883 2503 -7
1885 541 -5
1885 1279 -9
1888 4027 1
1888 1167 2
1889 1038 -10
1890 2134 8
1890 3149 10
1890 1150 10
1891 188 -3
1893 3088 -8
1893 4985 -4
1894 3348 1
1894 84 -1
1896 2793 6
1896 14 9
1896 573 7
1897 4205 5
1898 1990 -9
1899 888 -1
1900 2844 2
1902 1312 6
1902 1759 0
1903 4398 10
1903 1388 8
1906 4146 4
1907 4431 9
1908 271 7
1909 1270 -9
1910 2178 1
1910 502 -5
1911 3450 4
1911 4090 -1
1911 564 -10
1912 3075 0
1912 3484 3
1914 2458 -8
1914 2975 4
1914 1563 7
1915 3967 -2
1915 4184 -10
1915 4335 -3
1915 1254 8
1918 2991 6
1921 3094 -1
1921 3801 9
1925 3579 -7
1926 2306 -8
1931 2262 10
1931 4329 7
1932 3688 1
1933 3197 5
1933 161 9
1934 129 3
1935 2988 -9
1936 2518 -10
1936 2733 5
1936 552 -1
1937 4382 -10
1937 267 -5
1937 1820 -7
1940 3483 8
1940 4254 -2
1943 2097 -4
1946 3190 9
1949 3671 -2
1950 2056 -2
1950 3423 -10
1952 4679 1
1953 3582 -1
1954 3614 2
1955 4759 10
1956 2533 1
1956 1836 -9
1957 801 1
1957 1444 -10
1961 3167 4
1962 3349 -4
1963 1776 -9
1965 3626 -4
1965 3737 5
1966 3980 10
1968 4709 0
1969 3832 5
1970 4646 1
1972 4939 1
1972 776 -2
1973 3798 7
1973 953 7
1975 3542 9
1975 4023 -9
1975 795 -1
1976 1439 -3
1978 1131 -9
1979 746 -4
1980 812 10
1981 559 2
1982 3182 6
1984 977 10
1985 4074 -2
1986 1943 -8
1987 2866 -7
1989 457 5
1990 3368 -5
1990 3746 4
1990 4361 1
1990 418 8
1991 345 7
1993 1082 -1
1994 790 1
1996 2395 8
1996 4695 3
1998 2266 8
1998 1008 -7
1999 3289 -2
1999 3310 5
1999 98 -10
2000 2398 -3
2000 3464 2
2002 2531 10
2002 1337 4
2002 1431 -8
2003 548 3
2004 398 -8
2005 3950 9
2005 1166 -3
2005 1868 -5
2006 1277 3
2007 2368 2
2009 4662 -8
2010 1612 7
2014 3869 -7
2016 2041 3
2016 2415 -7
2017 4186 10
2018 2325 -2
2018 2390 0
2019 3160 7
2019 957 1
2021 4058 -6
2022 590 -10
2023 2863 -10
2025 3557 7
2027 2185 -5
2028 2628 10
2028 134 -4
2029 2085 7
2029 4759 -6
2030 2127 -7
2030 376 1
2031 3559 0
2031 3680 -6
2034 3195 2
2034 954 2
2034 1813 -9
2035 2339 -4
2038 711 -3
2039 4114 1
2040 3569 -5
2041 2305 0
2041 4123 4
2043 2151 -9
2043 2640 8
2043 2950 -8
2043 4533 -5
2043 1316 4
2044 2675 10
2044 871 3
2045 245 8
2046 924 9
2046 971 1
2049 37 2
2051 4064 -5
2056 3547 -9
2056 928 3
2057 3183 -2
2058 3464 8
2059 4662 -3
2060 2399 1
2062 312 7
2064 4849 0
2065 323 8
2066 4069 -6
2066 4925 5
2068 2700 -10
2070 4640 7
2070 1268 7
2072 3234 -2
2072 3554 -5
2072 4634 2
2072 4691 -9
2073 1522 -1
2074 4085 -5
2074 407 -1
2075 4304 -8
2076 524 -10
2079 1918 -9
2082 3767 10
2085 108 6
2086 4351 10
2088 4341 7
2088 4850 9
2089 1760 8
2091 377 4
2092 772 -10
2093 3653 2
2093 2052 7
2094 1831 -1
2096 3559 0
2097 2595 -8
2098 4196 -8
2098 561 10
2100 1332 5
2101 3577 -3
2101 1438 -2
2102 2932 -10
2102 4643 -10
2102 1432 -9
2102 1855 1
2103 4887 0
2107 3421 9
2108 3003 -1
2109 3416 -7
2110 2855 10
2110 2998 -7
2110 3916 -9
2111 3804 -4
2111 926 -2
2112 3001 -6
2113 1782 10
2115 1241 3
2115 1405 2
2116 294 1
2123 1036 -5
2124 1318 7
2126 1324 -2
2127 2471 -9
2128 2714 2
2128 3747 0
2129 2699 4
2131 2587 6
2132 2634 4
2132 740 3
2135 131 3
2136 3401 -1
2136 1907 3
2137 1557 -9
2138 4035 7
2139 3382 -7
2139 4127 7
2139 4581 10
2140 461 -6
2142 3102 -2
2142 742 8
2146 741 -1
2147 3011 -10
2147 3850 -8
2149 240 -9
2149 842 4
2150 2448 3
2151 626 0
2155 2994 4
2155 4076 -10
2156 1215 -3
2157 2915 4
2157 1801 -3
2158 2305 4
2158 4161 8
2158 1070 1
2159 3566 0
2159 1701 0
2161 4694 5
2161 4838 6
2163 4465 -6
2164 3323 -5
2165 2010 2
2166 4327 5
2166 4542 0
2167 1312 -2
2169 2025 -3
2171 3447 10
2172 1541 1
2173 4266 1
2174 815 4
2176 274 -1
2176 915 -4
2177 2816 0
2181 518 2
2182 4185 2
2183 3815 4
2187 302 10
2189 2837 1
2189 247 6
2190 2306 -3
2191 124 -8
2193 2896 5
2194 2273 9
2194 3294 -5
2195 3198 1
2195 3536 8
2195 1160 0
2196 235 5
2196 1811 -9
2197 3496 3
2198 3055 7
2199 326 6
2201 4685 9
2201 4945 -5
2202 2584 5
2202 920 -8
2205 172 8
2206 3405 -9
2207 673 -6
2208 2578 7
2208 1835 7
2210 3148 0
2210 1372 -5
2211 3379 -7
2211 4382 -7
2214 3327 7
2214 3564 0
2215 155 7
2215 165 1
2216 758 10
2217 3305 -5
2217 943 -7
2218 2345 7
2219 1055 5
2221 3240 -6
2222 1474 -10
2222 1703 7
2225 4327 -1
2227 2666 9
2227 2845 0
2227 1126 8
2228 3297 -4
2229 3202 3
2229 3864 -9
2231 4449 -6
2234 2902 -3
2235 3092 9
2235 4994 3
2236 3370 0
2236 1355 -6
2237 1598 -8
2238 2557 6
2239 4404 -6
2240 957 7
2243 4683 5
2244 1436 -3
2245 1816 -10
2246 3754 -7
2247 2294 5
2247 3748 -8
2247 199 -2
2249 115 3
2250 1040 -10
2250 1866 -7
2251 4385 5
2251 510 1
2253 1667 6
2254 2894 2
2257 4323 -5
2257 849 -3
2258 645 5
2258 883 0
2258 1710 5
2263 351 1
2266 1665 4
2269 3877 5
2269 4725 10
2270 1423 -6
2271 2636 8
2272 4559 -5
2273 370 8
2273 2233 2
2275 183 -6
2277 4917 1
2279 4201 9
2280 4151 2
2280 4750 0
2281 1566 -2
2282 1889 -5
2284 535 9
2285 2346 5
2286 941 10
2287 2309 -5
2287 3339 1
2287 4937 -5
2288 2936 -6
2290 4942 -3
2291 2787 -6
2292 2518 0
2292 3118 7
2293 3985 -4
2296 2814 10
2297 3939 -5
2298 3145 5
2298 3179 7
2299 3385 5
2299 3703 -9
2299 1990 -5
2300 716 -1
2301 3063 -1
2301 3550 1
2303 2738 -8
2303 890 -5
2304 3277 2
2304 3453 -6
2304 4364 7
2306 689 7
2308 1168 7
2310 2971 4
2310 1250 -1
2311 3377 -5
2312 4337 -5
2312 22 0
2312 1279 3
2313 3417 -7
2314 1869 -3
2316 3431 0
2316 4497 -10
2316 27 -3
2316 1492 -7
2317 4398 -9
2318 2397 8
2318 41 7
2320 4084 3
2326 421 1
2327 3428 8
2327 3662 0
2327 4529 10
2327 1253 0
2328 2028 -8
2330 2139 -1
2331 2872 7
2333 1085 1
2333 1791 -7
2334 4366 7
2335 4793 1
2335 2044 5
2337 3427 -10
2339 1056 8
2339 1294 8
2341 339 -2
2341 2121 7
2343 2795 -6
2344 4102 -8
2345 59 2
2345 622 -7
2346 4135 0
2347 632 8
2348 1607 8
2349 1636 10
2351 2263 1
2354 4682 3
2354 768 -3
2354 1819 1
2356 397 10
2357 22 -9
2358 509 -8
2358 1722 0
2359 3023 -8
2360 4824 7
2361 2068 -2
2362 1766 2
2363 2980 3
2364 2412 6
2365 3308 8
2365 61 5
2367 3098 0
2367 4869 7
2367 1137 -10
2368 2610 4
2368 811 3
2368 2253 3
2369 4960 -3
2369 2292 7
2371 1285 6
2373 1950 10
2373 2013 -2
2373 2370 -9
2374 4 3
2374 2308 -2
2375 3057 -3
2376 1934 -5
2376 2061 3
2377 3684 9
2377 4331 -4
2377 4460 1
2378 2553 -8
2378 2655 -2
2378 1829 8
2381 2750 9
2381 4726 -7
2381 865 5
2383 2485 1
2384 418 0
2385 2328 -4
2386 3053 1
2387 1478 8
2388 4810 -2
2391 579 -6
2393 1492 -4
2394 3447 10
2396 2310 4
2399 4437 6
2403 3229 -3
2403 3607 -9
2403 3775 -10
2403 4608 -9
2404 3291 1
2408 2039 -2
2409 806 9
2409 1902 1
2411 3015 -3
2412 3845 7
2412 794 4
2413 1620 0
2414 3874 9
2418 323 7
2418 1135 5
2423 1399 1
2423 1898 -9
2425 3490 5
2426 638 -7
2426 1980 4
2428 3986 10
2431 331 -8
2433 340 -7
2433 357 3
2434 878 -1
2434 1315 -3
2435 2350 -2
2438 4029 -1
2439 1897 6
2440 4747 -4
2440 1081 -4
2441 2905 7
2441 2118 -9
2443 864 -6
2443 1201 -6
2446 4591 3
2448 3660 -6
2448 4140 9
2448 4657 -9
2452 664 10
2453 1308 -2
2453 2450 9
2454 500 3
2454 2061 -3
2455 2877 1
2457 1877 8
2457 2313 -10
2458 2826 0
2458 785 8
2458 1834 -10
2460 2999 7
2460 3645 -9
2462 4602 -9
2462 2221 7
2463 4483 -5
2464 3641 -5
2465 2974 -8
2465 3018 -1
2466 1172 -8
2466 2016 4
2468 1192 4
2468 1630 4
2468 2259 -10
2470 2750 0
2472 319 -1
2473 830 7
2474 4007 1
2474 628 -8
2475 4161 2
2476 3693 -8
2476 2091 0
2478 4979 -8
2480 2748 9
2480 4962 8
2480 1628 -8
2481 3290 -7
2482 3590 -9
2484 2485 -10
2485 3661 -4
2488 1345 -1
2489 3865 -2
2492 4760 7
2493 949 -4
2493 2395 3
2494 4014 0
2494 18 -3
2495 3854 -2
2498 4575 -7
2498 133 -3
2498 433 -9
2498 1343 1
2499 2924 -2
2499 3113 -9
2500 2369 0
2501 3039 -1
2501 3217 -2
2502 4908 -7
2503 527 -6
2503 1474 -6
2504 2881 6
2504 3215 5
2505 209 -6
2507 3364 4
2507 88 -5
2509 67 -9
2510 1785 9
2511 3246 -9
2511 3567 -4
2513 320 9
2514 4753 -7
2515 4849 -4
2517 4561 7
2517 1093 -2
2519 4123 -5
2522 2680 -3
2523 2088 9
2525 3016 -5
2525 326 -9
2525 2257 -7
2526 1623 -5
2526 2345 -9
2528 1151 -6
2529 156 0
2530 3228 -3
2535 82 -8
2536 3568 2
2536 4634 -2
2538 2900 -8
2538 343 5
2538 444 1
2538 1786 3
2539 3037 -10
2539 4283 9
2540 4056 6
2540 565 8
2545 2040 8
2546 3132 7
2547 2562 -5
2549 3241 2
2550 3256 -5
2551 953 -4
2551 2139 10
2553 2584 1
2553 380 -7
2554 3137 8
2554 1801 10
2555 2863 -4
2556 3971 1
2558 4025 8
2558 4422 3
2561 1497 -2
2562 840 9
2562 1524 1
2563 4128 -7
2567 745 0
2568 3263 -5
2568 1323 -2
2570 574 -6
2571 2493 -5
2573 3364 -8
2574 1829 -8
2575 4993 -5
2576 4710 -6
2578 3830 -10
2581 1216 -1
2582 1420 2
2586 4337 -2
2586 2301 8
2588 4734 1
2590 302 -8
2591 449 -10
2595 4426 3
2596 2916 -8
2596 245 -4
2597 400 0
2598 4654 9
2599 2782 -4
2603 4963 -10
2603 505 7
2605 3910 5
2606 3744 -7
2606 4703 6
2607 4148 7
2609 3575 6
2613 515 5
2615 2628 -4
2615 4397 6
2615 2110 -2
2617 1302 2
2620 4521 7
2621 1602 0
2621 2389 -9
2622 2488 6
2623 2785 2
2623 1648 6
2626 4227 -6
2627 1427 -3
2630 1333 0
2630 1982 -6
2630 2056 -2
2631 3092 -7
2631 727 3
2632 3127 -5
2632 4769 -3
2633 2168 -2
2635 1024 -8
2638 2885 5
2638 490 6
2639 988 9
2641 556 -5
2643 844 -10
2645 3105 0
2645 555 10
2646 4901 6
2646 1531 -4
2647 2932 10
2647 4796 6
2648 4180 -7
2648 1934 -9
2648 2166 3
2648 2487 -3
2650 3766 -1
2650 4516 -9
2650 558 10
2651 2948 7
2651 2489 0
2652 1148 -10
2653 2739 -8
2654 567 -4
2654 1900 -6
2655 2825 -6
2655 3006 10
2655 359 -10
2656 181 5
2658 4516 0
2658 1071 -8
2659 3557 6
2660 3188 4
2660 413 10
2660 1071 9
2661 1295 -7
2662 3154 -1
2662 2223 -8
2662 2532 9
2664 3789 -7
2664 484 -3
2667 2137 10
2669 905 7
2669 984 -10
2670 294 5
2670 1224 7
2670 2621 -6
2671 2342 -5
2674 179 1
2675 3030 6
2677 2559 8
2678 581 -7
2679 3357 -3
2679 256 -10
2679 1893 6
2681 4320 7
2682 959 7
2683 4622 4
2683 1692 -7
2685 303 -10
2685 510 -4
2685 1707 -7
2686 783 -6
2687 4983 6
2687 2329 -3
2688 1012 2
2690 283 -10
2690 1361 6
2690 2078 -6
2691 4310 -9
2693 1139 3
2694 1086 0
2697 4064 10
2697 2384 2
2698 816 5
2699 4161 5
2699 434 -10
2699 761 3
2700 4009 -3
2702 1094 5
2704 75 -7
2704 1233 -9
2705 2886 -6
2705 450 10
2705 2619 -4
2706 1329 -9
2708 502 1
2709 1977 7
2710 910 1
2710 2370 -1
2711 1475 1
2712 4757 9
2713 4865 9
2715 459 -10
2716 4300 -5
2718 31 -2
2721 2553 -8
2722 4845 1
2723 4376 7
2724 1155 -6
2724 2182 -2
2725 2485 1
2726 823 -9
2728 332 -6
2729 4055 2
2729 4103 7
2729 4585 10
2729 1867 -7
2730 1067 2
2731 3985 7
2731 4470 -5
2733 3188 -6
2733 365 1
2734 4865 2
2735 3943 4
2738 1969 6
2739 1359 -10
2739 2226 1
2742 3042 4
2742 2013 -7
2745 687 6
2746 103 -10
2747 589 3
2748 1183 4
2749 3189 -1
2749 1708 2
2750 4927 1
2752 3635 -10
2752 355 -4
2756 2008 9
2760 1584 0
2762 3556 2
2762 959 0
2762 1147 -2
2763 6 -4
2763 2521 7
2765 2992 -1
2765 4249 1
2765 4572 1
2766 3040 2
2766 548 1
2767 4707 -5
2768 4874 -7
2768 1115 6
2768 1625 -2
2769 2905 2
2771 4062 -10
2771 1724 4
2772 3670 4
2772 615 -2
2772 1712 2
2773 3350 -4
2773 2687 5
2774 4270 10
2776 3256 -4
2777 792 0
2780 1888 0
2781 3832 9
2782 4340 -4
2782 87 10
2782 738 -6
2785 2203 7
2786 3859 -4
2787 3700 9
2787 34 1
2787 1339 -6
2788 4058 -6
2788 4463 10
2790 4282 -8
2791 159 4
2792 3898 9
2792 1547 4
2793 1006 -9
2794 3691 7
2794 4540 2
2794 333 0
2795 1050 -4
2796 4254 -7
2797 2275 9
2798 4015 6
2798 4493 -8
2803 3109 -1
2803 113 -2
2803 157 1
2805 3265 8
2805 3475 7
2805 404 -2
2805 1084 5
2806 3126 1
2807 2913 -3
2807 3713 -1
2807 1337 6
2811 1128 -6
2812 1378 -6
2814 2134 4
2816 1684 5
2816 1862 -5
2818 70 0
2820 3591 -9
2820 3797 -9
2822 3994 3
2823 1282 -1
2824 3308 -1
2824 289 -3
2825 3845 -2
2825 1227 -10
2826 3866 -6
2826 1766 0
2826 1836 10
2827 385 -8
2830 3099 -4
2830 574 6
2832 4679 -10
2834 2991 3
2834 2322 -8
2835 235 8
2835 1030 -3
2835 2630 6
2836 390 3
2837 4888 10
2839 2388 -9
2841 3232 -2
2841 1691 -4
2841 2527 4
2842 4752 7
2843 2418 -4
2847 4944 10
2849 3060 1
2849 3567 3
2849 2498 -7
2850 4141 -10
2851 4034 -9
2854 4208 1
2854 466 3
2856 359 -5
2856 2300 -8
2857 111 -9
2857 1537 7
2859 664 -6
2859 768 -1
2859 1363 2
2860 1496 -9
2861 277 -8
2862 1165 4
2863 4209 1
2863 1501 5
2864 1744 1
2865 253 9
2865 700 3
2865 2395 -10
2866 2893 -4
2866 4268 -7
2866 4531 -1
2867 4835 -9
2867 1007 0
2867 2555 -10
2869 4037 -1
2869 4346 5
2870 4216 -6
2872 3786 -9
2873 500 -3
2874 2045 -6
2875 3718 6
2876 2179 -4
2879 3050 6
2879 1891 6
2880 1002 -3
2884 4378 7
2885 3330 10
2886 3431 10
2886 4444 -2
2886 2281 7
2889 551 -8
2890 3427 -5
2891 130 -9
2891 2392 0
2891 2418 2
2893 3951 9
2893 4727 3
2893 55 2
2894 381 -1
2894 1971 4
2895 1902 -10
2898 866 -5
2899 2565 2
2900 538 1
2901 4029 6
2901 4397 8
2902 567 -4
2903 4585 -9
2903 2583 2
2906 4194 8
2906 2111 4
2907 3918 5
2907 113 10
2907 1272 2
2911 383 5
2912 491 3
2913 3485 2
2913 4684 0
2914 587 -4
2914 1830 -5
2916 3262 4
2916 1420 -1
2917 3080 10
2917 4082 9
2918 2178 9
2920 182 -4
2920 1439 -9
2922 3267 -1
2924 3822 5
2924 4114 -5
2926 3928 7
2927 3600 -7
2927 3859 3
2927 1228 -3
2928 2953 -1
2930 1257 4
2932 4722 1
2935 2535 -4
2937 4733 1
2937 2368 -1
2938 4521 5
2938 4888 0
2938 2390 3
2940 481 -9
2941 4957 4
2941 835 -5
2943 3687 -4
2943 285 -10
2945 552 -9
2946 987 -3
2948 3681 5
2948 4251 -4
2948 1594 6
2948 2460 10
2949 2139 6
2951 917 5
2952 854 3
2953 3625 -4
2953 4814 -3
2954 4571 7
2954 1459 10
2956 4357 9
2957 1007 -3
2958 443 9
2959 1004 -10
2960 3599 9
2960 1440 -4
2962 1922 -3
2965 3486 -4
2965 1316 0
2965 1959 -9
2966 3122 -6
2967 3822 6
2967 2139 7
2968 960 -7
2969 3344 -2
2970 3853 -3
2970 156 -1
2972 3260 -6
2976 4723 6
2976 2486 2
2976 2544 4
2977 2990 4
2979 3579 -3
2980 3867 -10
2980 2559 -1
2981 1665 3
2982 1515 6
2982 2874 8
2983 3439 10
2984 4081 -1
2985 4197 2
2987 1071 1
2989 4098 -2
2990 1665 1
2991 3451 -8
2991 898 8
2991 2710 7
2992 4571 10
2993 3344 7
2994 494 -3
2995 368 0
2996 3987 -3
2996 4471 3
2996 1315 -8
2996 2109 7
2999 966 4
3000 4105 3
3000 4362 -4
3002 3265 7
3003 4148 1
3004 2033 2
3005 3126 -5
3009 685 -1
3010 3451 -2
3012 4377 -4
3012 164 -3
3012 406 -3
3013 84 6
3015 998 0
3016 3483 -9
3016 4875 -1
3016 1926 2
3017 3740 -2
3018 4856 -2
3019 202 2
3022 4949 -10
3022 985 7
3023 3900 -3
3024 4001 8
3024 3001 3
3025 662 2
3026 1146 -1
3028 4806 1
3028 2910 2
3029 3789 -3
3029 4861 -10
3029 1632 -5
3031 3838 -8
3035 156 3
3036 1949 3
3037 1527 4
3037 2521 -5
3039 2508 -7
3040 2635 8
3042 4617 -7
3043 2961 9
3044 4580 7
3044 2145 -5
3045 1038 -6
3046 802 10
3046 2260 0
3046 2667 4
3046 2772 10
3048 3616 2
3049 3940 10
3049 4580 -9
3049 1110 6
3052 4823 5
3053 3753 -9
3053 4282 7
3053 4325 6
3055 1537 -10
3055 1963 -2
3058 3761 9
3058 4543 7
3058 2773 -5
3059 2249 -5
3060 1928 2
3060 2040 10
3061 4631 5
3061 1687 7
3061 2160 4
3062 3511 6
3062 963 0
3065 390 -3
3066 3739 9
3067 512 -4
3068 431 -4
3068 889 -6
3069 308 -5
3069 1239 7
3071 3407 4
3073 3146 -9
3074 1127 3
3075 4655 9
3076 1233 7
3076 2994 -7
3077 4531 -9
3078 1691 0
3081 3582 -5
3082 3222 -9
3082 623 -3
3083 1166 -10
3083 1175 -5
3083 2055 -1
3084 37 5
3084 462 -9
3086 2061 -10
3090 3944 8
3093 2411 -5
3094 2322 -5
3095 3318 -10
3096 4257 -4
3098 3669 -1
3098 4249 3
3099 2850 -2
3101 1754 2
3102 2003 8
3103 2273 8
3104 4182 5
3106 1861 7
3107 4721 2
3108 3510 6
3109 4719 7
3114 3605 8
3114 4467 -1
3114 338 10
3115 1272 -1
3115 2347 -4
3115 2581 8
3117 3846 10
3119 4824 3
3119 4976 1
3120 3273 -4
3121 2235 -7
3123 3190 1
3123 3249 0
3123 4535 4
3123 871 2
3123 2977 -3
3125 4154 -7
3125 4358 0
3126 3064 6
3127 3494 0
3127 175 -10
3129 2228 -5
3130 3487 -1
3130 322 9
3131 4304 -3
3131 4727 8
3131 2349 -1
3132 2863 3
3136 3475 4
3139 3109 -9
3140 4166 -10
3141 4570 -10
3143 2121 -1
3145 813 -10
3146 2529 0
3147 4407 -2
3148 4743 -8
3149 2875 3
3150 703 6
3150 1550 -2
3150 2697 -5
3150 2732 6
3152 4390 8
3154 757 3
3156 1297 8
3159 3438 3
3161 2208 6
3162 2083 -2
3162 2988 -9
3170 1695 -5
3170 2049 9
3173 4868 -3
3173 1551 2
3174 395 -10
3176 2800 -4
3178 3124 -7
3179 4419 2
3179 1636 3
3180 4447 9
3180 994 9
3181 2879 4
3182 717 7
3184 4681 -6
3184 61 -2
3184 2533 -10
3185 1360 5
3186 44 1
3188 3292 -7
3189 4756 7
3190 4577 6
3190 2002 -1
3191 1624 -5
3192 3259 7
3192 312 7
3193 889 7
3194 171 -9
3194 846 -9
3195 4231 -1
3196 4154 8
3197 4756 7
3198 1016 4
3198 2734 -4
3201 1033 -3
3201 2051 7
3203 2874 5
3207 3899 1
3207 1167 5
3208 2646 6
3210 4773 -1
3210 202 -9
3211 4326 5
3212 3112 -9
3213 4669 3
3213 1131 -8
3214 316 -2
3217 1423 0
3218 3941 -1
3219 4638 10
3222 3549 -2
3222 1019 10
3225 3860 6
3225 1696 1
3226 426 -8
3227 2496 3
3230 4502 9
3230 4834 5
3231 832 -5
3232 4326 3
3233 947 4
3233 2427 8
3234 3331 -10
3234 1920 0
3235 4003 9
3235 2938 -1
3237 3886 -4
3237 2586 7
3238 1145 3
3240 4235 8
3240 4861 7
3240 831 -8
3241 4368 -4
3241 835 -6
3244 3477 4
3244 92 0
3245 4854 -3
3245 2202 -10
3246 2005 -2
3251 4846 0
3254 3519 10
3255 2403 -5
3256 4276 9
3256 2879 5
3257 4536 0
3257 4944 -2
3257 1037 6
3259 480 -1
3261 3534 4
3262 3541 -5
3262 3736 -7
3262 4409 -8
3262 2064 -3
3263 2639 -2
3265 3269 6
3266 1809 9
3268 3647 6
3268 1428 -3
3271 4853 8
3271 860 8
3271 1696 -3
3273 4206 -2
3273 2828 3
3274 2494 7
3274 3026 10
3275 201 -10
3275 296 -7
3275 514 3
3275 1166 -7
3276 3538 -8
3276 4838 1
3276 4992 1
3277 3353 8
3277 1655 -5
3278 4113 -7
3279 4648 2
3279 4700 -2
3280 3394 0
3280 1452 5
3280 2053 -1
3282 1418 5
3283 3868 6
3284 4850 -2
3284 1131 2
3285 3770 9
3286 13 -1
3289 3593 -2
3289 2026 -6
3290 3458 10
3291 2243 10
3293 3463 2
3293 2758 -9
3295 3994 -10
3295 490 3
3296 924 -4
3297 4911 -8
3297 1478 -5
3297 2262 2
3298 1392 1
3299 2392 -9
3304 4817 -7
3304 2689 -7
3306 3507 1
3306 1309 -8
3308 4322 -6
3308 4891 8
3309 4003 3
3310 3993 0
3312 2471 -7
3313 4386 8
3313 783 -5
3313 2906 5
3313 3171 -9
3314 322 8
3317 3387 -1
3318 697 -6
3319 2540 7
3321 1130 9
3323 1434 -7
3323 3033 -5
3324 3981 -7
3324 3121 10
3326 611 6
3327 4024 1
3327 4192 4
3327 3083 -6
3327 3123 -2
3333 4659 -1
3333 2041 -7
3335 4173 4
3335 4707 -1
3337 1547 5
3339 1583 0
3339 2150 3
3341 3363 1
3341 1151 3
3343 1530 2
3343 2497 -5
3343 2925 -5
3344 3957 -4
3346 931 10
3346 2542 10
3347 3955 -7
3347 596 -4
3347 3300 -6
3348 3448 -9
3348 2381 1
3348 2912 -5
3349 2996 -8
3350 3710 -6
3350 1805 -8
3352 4955 0
3352 4983 -3
3352 2774 -5
3353 3794 8
3353 2067 -8
3354 3436 3
3354 4204 10
3356 2191 -3
3357 3671 -4
3357 2908 5
3360 3478 -10
3361 281 5
3361 450 -4
3362 3950 -4
3362 4270 10
3362 802 2
3362 2420 4
3362 3194 -8
3363 455 -1
3363 2406 6
3364 4707 -8
3364 385 9
3364 1825 10
3366 2656 0
3367 4919 4
3369 1126 7
3370 861 -5
3371 942 -1
3372 2735 -7
3373 3279 1
3374 4699 9
3374 1363 9
3375 1045 5
3375 1084 5
3378 133 -1
3378 2330 -6
3379 2761 4
3380 747 8
3381 1368 -3
3382 1179 10
3382 3027 -10
3384 311 7
3384 3340 5
3385 4872 9
3389 4971 -6
3389 603 -10
3389 608 -4
3389 1013 2
3390 3986 8
3391 246 -7
3392 3197 -8
3393 57 -5
3393 1592 6
3394 3606 -5
3398 990 -3
3399 3228 -9
3401 696 -2
3402 4082 10
3404 1838 -6
3405 4142 8
3405 4485 -6
3406 2420 -6
3408 3011 6
3409 4624 -5
3409 2136 2
3410 1253 -1
3412 3481 2
3412 3121 -1
3414 4805 -9
3414 1500 -4
3417 2337 2
3420 3464 6
3420 3578 -9
3421 810 -2
3424 4751 -4
3425 1180 9
3427 3732 -8
3429 4524 1
3431 1945 -3
3432 241 3
3433 4146 -9
3434 3232 -8
3438 3860 -1
3440 2805 10
3441 2671 3
3443 1056 -5
3443 1629 -8
3445 2552 6
3447 1394 -6
3449 214 2
3450 3785 4
3450 4346 0
3452 327 7
3453 153 -2
3454 4987 2
3455 107 9
3455 2100 6
3455 2751 -9
3455 3440 -3
3456 4576 -2
3457 3797 -10
3457 1670 5
3458 1943 9
3459 394 6
3459 3054 10
3460 1232 5
3461 572 -5
3461 1049 2
3461 1906 -1
3463 924 7
3463 1639 -4
3463 2146 0
3463 2810 -7
3467 3535 -3
3468 3050 2
3472 2152 -8
3474 3680 -5
3474 3829 -8
3474 4311 -3
3474 2300 -9
3475 4570 10
3476 3831 -4
3476 471 1
3477 3857 -4
3478 2097 5
3479 1289 -4
3480 3943 -6
3482 3468 -8
3483 4098 -8
3483 138 10
3483 1260 8
3484 1317 -10
3485 1228 5
3486 4687 -1
3486 753 -9
3486 3256 5
3488 1318 8
3488 1391 8
3489 1348 3
3490 2804 -8
3491 3506 4
3492 2552 -9
3493 1351 5
3494 3483 0
3495 4860 -7
3496 4998 10
3497 4109 -5
3498 328 -2
3499 2395 -2
3499 2581 9
3500 746 3
3500 3443 9
3501 3703 -10
3502 4420 -1
3503 1436 9
3503 2362 7
3503 3374 -1
3505 485 8
3506 4262 5
3506 4747 8
3506 2006 -6
3507 2623 -6
3508 4585 10
3509 1417 7
3511 4517 2
3512 1123 7
3512 1154 -6
3514 4129 4
3514 2760 4
3515 3565 8
3517 2592 9
3517 2912 9
3519 785 4
3519 2102 -10
3519 2625 2
3520 1779 -4
3520 2099 -7
3521 2626 -6
3522 4447 -8
3522 421 -4
3523 3887 -1
3523 3900 10
3523 711 5
3523 1467 7
3525 2329 -10
3527 3984 -5
3528 509 3
3529 3567 -2
3529 773 8
3532 494 -6
3536 592 8
3536 2237 -2
3539 931 -8
3539 1080 0
3540 3571 5
3541 3760 6
3542 1927 6
3545 2163 -8
3546 1708 8
3547 1955 -5
3548 3502 3
3549 3060 4
3550 4859 -3
3550 1709 -3
3551 274 1
3554 3970 3
3554 1812 0
3556 4044 4
3556 291 6
3557 2911 -9
3558 3984 -4
3559 4711 -8
3559 284 -8
3559 922 4
3562 2687 10
3563 244 2
3565 4630 10
3565 1449 -1
3566 1998 -6
3567 1109 5
3567 3185 5
3568 2627 7
3575 672 2
3576 2490 -7
3576 3109 7
3579 3164 3
3581 989 -8
3584 3863 0
3584 2918 5
3585 3816 -1
3589 3886 -2
3589 3471 2
3590 232 -3
3591 2866 2
3592 3373 -6
3593 3314 -3
3594 1558 -5
3594 1889 3
3595 3749 5
3597 4007 1
3597 2301 -7
3598 190 2
3598 2274 6
3599 2151 7
3600 1665 1
3601 2175 -2
3602 3997 -6
3602 4361 -3
3604 2955 -3
3605 2595 -9
3606 247 9
3607 3629 -5
3610 3636 -5
3610 2396 4
3611 574 0
3615 4924 7
3616 4624 0
3616 2151 -2
3617 4021 -4
3618 1408 -10
3619 1821 -5
3620 381 2
3621 1911 -3
3621 2157 -7
3622 488 -5
3622 3237 2
3622 3535 -7
3623 3958 2
3623 1121 0
3625 1221 7
3627 39 3
3628 535 0
3629 1690 4
3629 2565 4
3630 3892 -3
3630 2222 -7
3631 3462 -3
3632 2442 -9
3635 3337 -5
3636 242 7
3636 495 0
3636 1174 -2
3638 2033 5
3639 2190 -7
3639 2938 -10
3639 3216 -10
3640 3931 4
3640 2406 2
3643 1818 0
3643 2631 8
3645 356 8
3645 1709 4
3647 306 6
3647 976 -2
3647 3399 2
3648 1927 1
3649 709 -1
3650 1260 -5
3650 1922 6
3651 1214 -1
3651 2638 -7
3652 3528 -4
3655 1538 -7
3655 2377 3
3656 594 -8
3657 4352 -9
3657 762 -2
3659 1042 6
3659 1550 -7
3660 12 8
3661 4137 -7
3662 4734 10
3662 1854 7
3662 3013 2
3662 3150 4
3662 3352 -7
3663 4225 -3
3664 3832 8
3664 3996 -9
3664 207 -6
3666 2813 6
3667 4013 5
3668 4837 8
3669 3829 -9
3669 1344 6
3669 1546 3
3670 1166 -8
3672 3244 1
3675 1753 -9
3677 3040 1
3680 3511 4
3684 2657 -4
3686 883 -4
3686 2072 1
3690 4186 9
3690 1447 1
3690 2610 -6
3691 2984 5
3692 2594 8
3694 4176 -2
3694 422 2
3694 466 -2
3695 4820 -5
3695 1302 -2
3695 2240 2
3697 1215 0
3697 3194 -9
3698 4141 7
3698 7 -1
3698 847 5
3698 1146 -10
3699 1219 -4
3700 3608 0
3701 769 -9
3702 1169 1
3703 2633 7
3706 111 -7
3706 3468 -8
3707 146 -9
3707 628 4
3707 2387 -10
3707 3083 7
3708 2182 6
3708 2819 -7
3711 737 -1
3711 2011 -6
3713 4953 2
3713 1637 -9
3714 784 7
3714 1823 -3
3715 3362 3
3716 2506 -8
3718 2918 0
3720 4126 3
3721 3728 -9
3721 869 1
3722 2109 8
3724 3808 1
3724 3813 -2
3728 1635 -3
3728 3610 5
3729 114 -9
3730 4314 -6
3730 1944 8
3732 4703 1
3733 1070 -2
3734 231 -7
3735 1899 -9
3735 2415 8
3737 1732 10
3741 4959 6
3741 2044 7
3742 130 4
3744 4905 6
3745 3786 7
3747 4196 -7
3747 3591 -1
3748 1157 6
3749 2431 -9
3750 2260 -1
3751 3310 -3
3751 3705 6
3753 1963 -1
3754 3593 0
3755 827 -1
3755 1263 4
3757 3481 -5
3758 3229 -3
3761 1039 3
3761 3672 -1
3764 2051 3
3765 4162 2
3765 927 -8
3766 3313 0
3766 3431 1
3767 4297 -8
3767 2971 -2
3767 3513 1
3769 385 0
3769 2324 -5
3770 1125 2
3771 3300 7
3772 3854 5
3773 4258 -5
3774 755 -6
3775 2961 0
3777 3280 10
3778 419 -4
3779 1385 0
3780 1044 -4
3780 1430 -5
3780 2345 -3
3781 4682 -9
3782 245 -5
3782 3174 9
3783 4284 5
3783 1133 -10
3784 1822 10
3784 3491 1
3785 1986 1
3786 2946 6
3787 4971 -6
3787 699 -2
3788 4739 2
3788 1161 -1
3790 4010 -5
3790 345 0
3790 1649 -3
3790 2462 3
3790 3768 5
3792 344 9
3793 3858 1
3793 4020 5
3793 1848 0
3795 235 8
3795 1814 4
3795 2368 3
3796 751 -6
3797 4095 4
3797 2179 -10
3798 4764 6
3798 2168 0
3799 3935 -6
3799 461 -3
3800 4013 -2
3802 1254 8
3804 1595 3
3807 3774 10
3808 4262 4
3808 2557 -1
3809 607 -6
3812 1197 -5
3812 1358 -3
3815 460 4
3816 1287 -2
3816 3569 -9
3817 2965 3
3818 4651 7
3818 1307 6
3818 3432 2
3821 249 -3
3821 662 -2
3822 2229 3
3822 2341 -1
3823 1315 10
3823 1534 -5
3824 640 -10
3824 1052 -7
3825 3182 -1
3826 3051 -2
3830 1777 7
3830 1993 -3
3830 2134 -2
3832 4864 -3
3835 356 -8
3835 1822 -8
3836 2906 -7
3837 4079 -5
3837 3116 0
3839 1246 1
3840 2911 0
3842 388 7
3842 943 3
3843 1162 -2
3846 49 -1
3847 3959 -8
3848 964 -10
3850 1994 -7
3850 2469 8
3850 2918 3
3850 3164 2
3851 4983 6
3851 2858 -10
3852 4002 -10
3852 4353 9
3853 1736 -8
3854 2163 0
3857 1623 6
3859 3798 -3
3860 1907 9
3860 3311 10
3860 3475 2
3861 4514 -6
3861 2933 8
3863 4799 1
3864 4524 6
3864 4715 -6
3864 1230 -8
3866 521 4
3866 684 -3
3867 4516 -5
3867 1592 8
3869 1869 -3
3870 28 -10
3870 1060 5
3871 1175 2
3872 3101 -7
3873 2045 7
3874 554 -6
3874 2902 -1
3875 1514 -5
3875 1978 -8
3876 2017 -8
3876 2114 10
3877 1164 -6
3877 1375 -9
3878 4313 3
3878 253 -1
3878 3571 -3
3879 563 -6
3880 50 -5
3880 3268 -10
3883 1736 6
3883 3035 4
3883 3679 6
3885 247 9
3886 634 -2
3887 1908 7
3888 1692 -4
3888 2267 2
3888 2987 10
3889 1527 -6
3891 4376 -4
3893 4834 7
3894 1084 -2
3898 4366 4
3898 4555 -8
3901 3228 -6
3902 211 -10
3905 1109 -6
3905 2138 2
3906 4862 1
3906 4865 1
3907 3885 -4
3908 4044 -5
3909 3471 -3
3911 464 7
3911 2182 1
3912 3387 4
3913 598 2
3914 2770 9
3915 1193 -3
3915 3898 8
3916 4819 6
3916 1313 10
3917 4124 7
3917 1787 -8
3917 3877 1
3918 917 -6
3918 1674 10
3918 3183 -4
3919 2444 6
3920 3929 -4
3920 3418 -8
3922 2497 -6
3922 3283 -5
3924 4670 -9
3924 2414 1
3925 1862 0
3927 3457 -1
3928 4823 -2
3928 156 3
3928 2611 3
3930 4745 -2
3930 2013 -7
3930 3175 9
3933 543 1
3934 4919 -5
3936 1700 2
3936 3707 3
3937 3866 1
3938 4823 8
3938 1598 6
3939 1591 -3
3939 2561 -3
3943 239 -6
3943 1043 8
3945 2028 -3
3945 2508 -7
3945 2532 10
3946 322 -8
3949 605 -10
3950 4505 9
3950 1892 10
3953 4233 -2
3954 4307 1
3954 4679 -2
3954 77 -4
3954 698 0
3955 314 0
3956 4384 -9
3956 298 7
3956 1695 -10
3958 3349 -9
3959 4544 3
3959 244 -3
3960 3156 -4
3963 475 1
3964 3978 8
3964 4162 1
3965 304 4
3965 1549 9
3966 4318 0
3970 718 -7
3970 1094 -1
3970 2619 -5
3971 1417 0
3973 4751 9
3973 689 -2
3973 3735 10
3973 3836 7
3974 4454 1
3976 4254 -10
3977 2853 10
3982 1511 -5
3983 904 3
3985 4341 -5
3985 2099 5
3987 3074 -9
3987 3342 3
3988 1465 -9
3989 4521 10
3990 4680 -2
3990 3796 9
3991 1081 5
3992 3005 -2
3993 1125 1
4001 993 3
4002 735 -8
4002 1781 5
4003 50 10
4003 244 8
4003 433 1
4003 2956 8
4005 4821 -3
4005 2471 -10
4006 3484 -7
4008 3046 0
4009 1072 -8
4010 4634 -9
4010 2864 6
4014 2539 0
4017 2527 10
4018 4241 1
4018 4600 -9
4018 288 10
4019 4327 -7
4019 427 -2
4019 2318 0
4020 643 -3
4020 2993 0
4021 2081 -4
4022 4415 -2
4023 1104 4
4023 2829 4
4023 3455 5
4024 276 9
4026 1788 10
4026 3105 -2
4027 282 -3
4029 3758 -8
4029 3874 0
4030 3606 8
4033 1931 -8
4033 2019 -6
4033 2371 -3
4034 2294 5
4035 4781 2
4037 911 -3
4037 2058 8
4038 3527 7
4039 467 8
4040 558 3
4040 3367 -8
4041 2212 10
4043 641 -5
4044 4076 9
4046 2485 -9
4047 4073 -5
4048 3840 6
4050 4706 6
4050 3874 9
4051 4970 -3
4051 1892 -1
4052 4372 10
4052 1461 -10
4053 1085 8
4053 1463 9
4053 2937 -7
4054 4768 -10
4054 425 -6
4054 505 7
4054 940 1
4055 922 10
4057 726 8
4057 2518 6
4058 2723 -3
4059 1910 0
4060 1117 5
4061 56 0
4061 161 6
4062 3369 10
4063 174 7
4063 3286 -2
4065 2586 -10
4065 3272 5
4066 3424 5
4067 3529 -9
4068 1884 -3
4072 2669 -6
4073 4681 5
4074 48 8
4074 1851 2
4082 25 1
4082 1379 3
4082 1949 10
4083 1694 -10
4083 3026 -1
4087 4298 10
4087 2736 8
4088 667 9
4088 1832 -10
4089 3297 2
4092 4852 0
4094 1264 -3
4094 1828 -5
4095 858 -4
4095 1051 7
4096 4957 3
4099 4402 -8
4100 616 8
4100 1542 10
4106 2922 -4
4106 3192 -4
4107 4115 -3
4107 3909 -8
4109 2314 4
4110 889 -10
4110 3429 -6
4111 2633 -9
4112 458 -10
4112 750 0
4113 4468 3
4114 2363 10
4116 1795 -2
4120 1083 -9
4121 3350 8
4126 3407 1
4126 3839 -10
4127 1667 -3
4127 1932 -5
4127 2354 -9
4129 1992 4
4130 4140 -9
4130 4728 9
4130 2909 -4
4130 3166 -2
4132 239 -1
4132 700 10
4132 3870 -10
4133 4554 1
4134 4377 5
4134 2202 -9
4136 2336 4
4138 4965 -5
4141 2666 10
4141 3555 5
4142 1722 -8
4143 2648 10
4147 1310 -2
4148 4599 6
4148 1029 -6
4148 1986 -9
4148 2046 6
4148 2433 10
4150 4820 5
4151 4557 10
4151 1009 4
4151 3781 10
4155 2319 4
4156 4287 -2
4156 962 1
4158 702 0
4160 4055 -9
4162 2478 -10
4163 1251 3
4165 2796 -1
4166 3524 9
4167 4418 4
4167 326 5
4168 4294 -4
4168 2774 10
4169 4141 -3
4170 4698 -3
4174 2216 -9
4176 778 -1
4178 4 9
4179 1006 -2
4180 4429 -8
4180 1528 5
4181 4754 8
4181 2117 10
4183 1293 -6
4185 1446 8
4186 174 -9
4191 4376 8
4192 1253 4
4193 4944 -3
4193 1127 9
4193 1418 -6
4193 1833 -7
4195 2708 9
4197 2301 -8
4197 3842 9
4198 2555 2
4199 4432 10
4200 806 -10
4201 1483 -2
4205 340 9
4205 2742 -5
4206 680 9
4206 1533 -6
4206 3693 2
4207 889 -2
4208 3169 0
4210 3160 2
4213 512 -8
4215 379 -5
4217 964 -4
4221 4480 -6
4222 4992 -7
4222 1255 9
4222 3899 6
4224 269 2
4224 736 0
4224 2766 1
4227 2776 -6
4228 140 5
4228 2599 -9
4228 3390 0
4231 3147 4
4232 4099 -1
4233 1091 6
4233 2402 8
4234 2135 -5
4236 2942 4
4237 1237 10
4238 328 -7
4238 3219 -3
4239 85 0
4239 668 10
4240 1986 -1
4241 4794 0
4241 1090 6
4245 2300 6
4247 798 5
4247 1486 7
4248 1803 3
4248 2730 -5
4250 4519 7
4250 1288 -10
4250 1345 -2
4250 2134 9
4250 4033 -1
4251 4697 9
4252 2410 10
4252 2624 4
4253 3770 -5
4254 4695 2
4254 2871 3
4255 896 -9
4255 2646 -8
4257 4577 -1
4257 967 -3
4258 162 -2
4260 1299 10
4260 1578 1
4260 4257 4
4262 4697 -10
4262 4970 10
4263 2914 -7
4264 3828 -5
4266 2095 9
4267 3254 -3
4267 3321 -9
4268 620 -9
4270 350 -3
4270 1264 3
4270 1416 -9
4271 1097 5
4272 3392 -2
4273 4880 5
4273 2671 -7
4273 2943 -3
4274 951 8
4274 1336 6
4275 3312 10
4278 4614 -1
4279 4025 -7
4280 2863 9
4281 4313 -6
4282 3838 3
4282 4000 8
4284 4404 9
4284 4836 -7
4286 3327 6
4290 652 -7
4290 2739 -8
4293 3595 -2
4296 2507 6
4297 4340 -7
4297 4890 4
4297 2608 -7
4299 684 -10
4300 467 -5
4301 1872 -8
4301 3004 0
4301 4025 9
4302 4732 -7
4302 313 3
4303 437 2
4304 3112 2
4305 1037 -2
4306 584 -2
4306 3515 4
4308 1952 -4
4308 1961 -2
4308 2306 2
4309 1757 2
4310 2805 9
4311 4554 -9
4311 4201 -5
4312 2104 -4
4315 4702 8
4315 106 -1
4317 4609 9
4319 1797 -4
4320 3270 3
4321 4228 2
4322 3702 7
4324 3168 10
4325 2158 2
4327 7 -9
4327 2099 -10
4330 37 5
4330 1271 10
4331 449 -8
4331 4239 9
4335 1611 5
4335 2749 -3
4335 2984 9
4335 3342 -8
4338 4871 8
4339 2443 -7
4340 4843 7
4340 1283 10
4343 2524 8
4343 4070 9
4345 161 -3
4345 2931 -8
4345 3109 -1
4347 3771 -2
4348 1822 5
4350 3217 -8
4351 1938 -4
4352 2899 -1
4352 3481 -9
4354 749 -7
4357 3413 2
4358 1344 -9
4360 1689 -6
4362 209 -5
4363 3877 3
4364 336 -1
4364 2568 5
4364 2778 8
4365 1920 -2
4368 1642 -8
4368 2876 0
4368 3056 9
4369 1175 -6
4369 3908 1
4371 1095 5
4371 2934 0
4371 3273 -9
4372 4459 -5
4372 2189 -7
4375 864 1
4376 1301 -8
4376 2486 -1
4378 975 -5
4379 80 -10
4379 2929 -5
4380 4860 -8
4380 4158 -7
4381 1827 -7
4381 2177 3
4382 114 -10
4382 2659 -1
4384 511 -5
4384 3165 -3
4387 4475 0
4390 3988 -7
4396 84 7
4396 1598 0
4398 2422 -3
4398 3877 -1
4399 2102 -3
4402 2154 6
4403 2401 7
4406 680 2
4409 2171 -9
4411 4779 0
4411 4819 1
4411 262 8
4414 4948 -1
4414 1244 -10
4414 2163 5
4415 4308 5
4418 1837 -4
4418 2270 10
4420 906 2
4422 2637 1
4426 2883 9
4426 4360 -6
4427 4574 4
4427 2484 0
4427 2730 1
4433 2407 -9
4434 411 -8
4434 3033 2
4436 1800 -5
4437 1739 6
4439 4947 2
4439 394 5
4439 1567 5
4439 3483 -7
4440 358 -10
4441 2412 10
4442 2259 3
4442 2765 -3
4446 52 -4
4446 4224 10
4447 3555 -8
4447 3816 -1
4448 2642 -10
4449 631 5
4450 3589 -7
4452 977 8
4452 1184 -7
4452 3484 5
4454 3400 8
4456 822 10
4456 2117 -3
4456 2430 -8
4456 2532 1
4457 4823 -2
4457 1350 9
4457 1522 -2
4457 3105 -4
4458 3073 3
4459 175 9
4459 3821 5
4460 4333 -5
4461 1007 -4
4462 2303 9
4462 4060 6
4463 505 -8
4463 899 5
4463 2348 -6
4464 39 -6
4465 3804 8
4465 3980 2
4466 4188 7
4468 729 -8
4468 4146 -4
4470 4559 2
4470 3305 1
4470 4149 -2
4471 1282 -1
4471 1984 2
4471 2172 -8
4474 2656 0
4475 4209 -9
4477 3110 -9
4477 3893 8
4478 26 0
4478 1625 8
4480 3650 -5
4482 1398 9
4482 1859 8
4483 891 -6
4483 1747 5
4483 1813 -10
4484 485 -6
4485 3393 -6
4486 3807 -7
4486 4177 2
4488 1145 3
4490 3170 8
4490 4391 -2
4491 453 -5
4491 2710 1
4492 3791 6
4493 4563 9
4493 55 7
4493 4282 -5
4495 2706 7
4496 4092 -3
4496 4196 9
4497 3691 2
4497 3802 -7
4500 2133 7
4501 849 -5
4502 2758 -1
4502 3743 6
4503 518 -9
4503 1374 10
4503 2132 -7
4503 2456 10
4503 3387 -6
4505 2549 8
4506 507 3
4507 1070 -9
4508 3739 9
4509 373 0
4510 2204 -4
4510 4501 -5
4511 4901 -9
4511 851 8
4511 1992 10
4511 2693 -4
4512 2306 7
4512 2736 10
4514 1699 -4
4517 969 4
4518 1894 -3
4518 2621 -3
4518 2872 5
4520 3326 -3
4523 3325 6
4523 4432 -7
4524 1088 4
4524 2298 10
4527 4120 10
4528 1064 2
4528 3579 -3
4530 2786 -9
4530 4437 -6
4533 3432 1
4533 3638 7
4534 3456 -5
4536 4844 -10
4536 3638 3
4536 3888 3
4537 3158 1
4538 2596 0
4541 1023 0
4541 2099 -2
4546 8 -4
4548 92 2
4548 2252 -10
4549 2127 -8
4551 2995 -3
4552 4147 3
4553 1206 -10
4554 4955 -2
4556 2 4
4556 743 9
4557 969 -5
4557 2573 5
4558 4717 1
4558 489 -5
4561 4864 4
4562 3861 7
4563 157 -9
4565 1065 0
4565 2536 -2
4568 250 5
4568 2327 8
4569 4735 3
4569 110 1
4569 4375 -4
4570 1997 9
4571 4318 -2
4572 2906 6
4573 3499 7
4575 2058 -4
4576 3504 7
4576 4177 -6
4577 3500 3
4578 318 -5
4580 3490 7
4584 2909 -2
4584 3483 10
4585 1501 3
4585 3794 -4
4586 1419 7
4587 931 7
4587 1178 6
4589 4866 9
4589 3535 9
4590 2980 6
4590 4444 -5
4590 4547 3
4591 915 -6
4591 1609 1
4593 4728 3
4593 3748 4
4598 3028 -3
4599 3021 -6
4600 2935 5
4600 3328 -5
4602 204 6
4604 867 -4
4605 3080 -6
4605 3420 4
4606 819 7
4608 3995 -5
4608 4249 -10
4609 3838 -3
4609 4183 0
4611 1589 2
4612 1154 7
4612 2777 8
4613 3952 6
4614 3312 -9
4614 3805 2
4616 163 0
4616 2395 7
4618 561 8
4618 1673 -5
4618 4036 -2
4618 4042 -10
4619 2609 4
4621 4717 -10
4621 279 2
4621 3252 9
4621 3612 -6
4624 2185 -10
4626 3913 -9
4629 200 8
4629 2150 0
4630 1575 4
4632 3125 9
4633 204 2
4634 1542 -3
4635 5 10
4635 383 -9
4637 1584 -5
4638 2189 -8
4641 934 -1
4643 1560 0
4643 4246 -5
4646 1282 7
4646 4134 5
4646 4299 5
4647 3203 -6
4651 2108 1
4652 1749 5
4652 3582 -4
4652 4635 -1
4653 2486 -10
4654 1726 5
4655 683 -9
4656 4676 0
4656 4126 0
4658 540 7
4658 1945 7
4659 1749 9
4659 2059 8
4659 2126 7
4659 2196 -7
4659 2208 4
4659 2257 8
4661 54 -5
4661 467 -7
4661 1254 -10
4661 3833 8
4662 3783 7
4663 866 -4
4664 2881 -5
4666 270 10
4668 189 2
4668 1224 -5
4668 3296 -4
4668 3470 -2
4670 2649 3
4670 3842 7
4673 785 -9
4673 911 5
4674 2910 -10
4675 1219 5
4676 2097 6
4677 2403 -1
4677 3408 -3
4679 4766 -7
4680 3806 -9
4681 4550 8
4682 1725 -4
4682 4167 2
4682 4667 -7
4684 1749 -7
4684 1836 1
4685 1611 3
4685 1929 3
4686 1284 3
4686 1729 9
4686 2114 2
4687 765 -7
4688 2087 -8
4688 4292 4
4689 816 2
4689 3663 9
4691 2395 2
4691 2682 -9
4692 3784 8
4695 3208 -5
4696 1973 -3
4696 3877 2
4697 1419 -7
4699 767 1
4699 781 -5
4699 1241 8
4700 134 -9
4700 3985 -1
4701 4782 6
4701 822 5
4705 1 -6
4705 2854 -2
4706 4578 -7
4707 172 8
4710 2343 10
4711 3418 -10
4712 2047 5
4712 2582 -1
4712 2779 9
4713 3390 3
4714 3615 9
4716 3374 1
4717 414 -3
4718 213 6
4719 1261 -10
4720 666 -8
4721 3964 1
4725 4586 3
4726 3484 -9
4728 2925 0
4729 502 -4
4729 2112 10
4729 4175 0
4730 4788 -4
4731 2171 0
4732 4422 -9
4734 4361 6
4735 1567 4
4735 2222 1
4737 2227 -5
4738 69 3
4738 1443 5
4739 4989 -4
4739 2933 3
4742 307 -8
4742 1386 -1
4742 2946 -3
4743 68 7
4743 3503 9
4743 3733 3
4743 4173 8
4746 1532 4
4746 4641 -10
4748 2680 5
4748 3988 -5
4749 288 -7
4749 1871 -2
4749 3662 -8
4750 4796 -4
4751 1428 9
4752 345 2
4753 1675 -1
4754 688 -8
4754 1296 9
4754 3809 -9
4756 49 3
4756 1001 3
4757 3402 2
4758 3301 -6
4759 2843 -9
4760 4439 4
4761 4782 9
4761 857 1
4761 863 4
4761 2418 1
4761 3004 4
4763 628 -9
4763 1935 4
4764 4108 -1
4765 4145 -1
4766 3914 -2
4768 1863 -9
4768 2365 9
4769 2114 -1
4769 3907 5
4770 801 -8
4770 1989 -10
4771 1361 1
4772 47 -3
4772 820 2
4773 150 9
4773 2165 1
4775 2523 3
4775 4509 -5
4778 3707 -6
4780 479 7
4780 2140 -5
4780 4415 3
4781 1407 -1
4782 20 -4
4782 2072 -4
4782 2184 4
4783 322 6
4785 2920 8
4785 3814 8
4786 3172 -2
4786 3834 4
4786 4320 7
4787 415 6
4788 2946 -9
4788 4747 2
4790 1944 10
4791 1836 10
4792 4096 -2
4794 4941 1
4796 1295 -4
4796 4272 10
4797 2850 7
4797 4667 0
4798 2284 -9
4803 2732 3
4805 838 -7
4805 2717 4
4807 311 -5
4807 737 5
4807 3998 5
4810 3432 -10
4811 2061 -8
4812 4460 8
4813 411 -2
4813 927 -8
4814 2990 -9
4815 1480 9
4815 1781 -4
4816 1893 9
4817 1448 6
4817 2292 -5
4818 3093 -9
4819 2171 6
4819 3205 -9
4820 3969 -10
4821 1800 7
4821 3942 -7
4822 43 7
4822 2239 4
4822 2377 -10
4822 4304 -5
4823 4964 7
4823 1339 -7
4823 2916 -6
4823 3115 10
4825 349 2
4825 1428 3
4825 2401 4
4826 1490 -8
4829 4925 9
4829 651 8
4831 1708 -9
4831 2246 -2
4831 4299 -8
4832 1675 -10
4834 1836 9
4836 3848 8
4837 4997 6
4837 3818 9
4837 4455 -3
4838 995 -2
4838 1206 1
4838 2421 4
4839 2340 -7
4842 2778 8
4844 3416 -4
4845 824 1
4845 1501 -3
4845 3879 -3
4845 4442 4
4846 212 -7
4846 489 9
4846 3936 0
4846 4481 2
4847 564 -3
4849 916 -7
4849 4746 -6
4849 4806 -10
4850 334 -4
4850 2633 -8
4850 3210 10
4852 344 1
4852 4646 -5
4854 1378 6
4854 1957 -5
4856 1155 2
4856 2777 -10
4859 2906 -5
4859 3893 -9
4861 749 -6
4861 4719 4
4862 1578 -7
4862 4074 0
4863 646 -10
4870 807 4
4872 337 0
4872 3594 -6
4873 67 -1
4873 622 1
4873 3138 10
4874 3348 -7
4876 6 -8
4877 3777 -4
4878 3286 -4
4878 3723 2
4878 3859 3
4881 2587 -3
4882 1481 10
4882 3097 5
4883 4916 -1
4883 2259 -4
4884 4522 -10
4885 3220 1
4887 199 6
4888 1621 -2
4889 4443 -5
4892 480 -8
4893 2038 0
4894 1524 -7
4894 1958 -6
4895 1121 -1
4896 143 10
4897 2698 8
4900 51 -7
4901 3009 -6
4901 4607 -1
4902 4921 -6
4902 1691 -2
4902 2782 0
4904 894 -3
4905 4763 -4
4907 389 -5
4907 1493 1
4907 3559 1
4908 2282 -9
4908 4231 -2
4909 193 -6
4909 1968 3
4909 3544 3
4911 1639 6
4911 2263 -6
4911 4674 10
4913 2522 -1
4914 4050 -9
4918 1525 -10
4918 4454 5
4919 4594 6
4920 225 5
4920 734 10
4921 4982 10
4921 2373 8
4922 841 -7
4924 71 1
4928 3665 2
4929 732 9
4929 3030 9
4930 2507 9
4932 525 -1
4933 3144 -1
4935 1437 9
4935 4074 -6
4938 931 4
4939 1052 6
4940 34 6
4940 4877 -5
4941 1582 -3
4942 2279 5
4943 146 9
4945 1816 0
4946 1653 3
4946 4182 -1
4947 80 -8
4947 3320 -6
4947 4164 9
4947 4785 3
4948 632 2
4949 2868 2
4950 1032 -3
4950 3502 6
4951 4235 -5
4952 2758 4
4953 406 -10
4953 2275 -10
4953 4869 -2
4954 2390 -10
4955 1393 5
4959 914 -1
4959 3213 -1
4960 3381 -5
4961 1325 6
4963 2792 -5
4964 2051 -2
4964 2377 -7
4965 2949 -6
4967 1105 5
4967 1482 8
4968 3193 -10
4970 734 -2
4970 4668 0
4972 53 -9
4973 2110 -8
4975 4989 -3
4977 588 2
4977 2810 -5
4978 1917 6
4981 479 -4
4981 2015 0
4982 2588 6
4987 3467 -1
4988 359 -6
4988 720 2
4992 893 0
4992 3539 6
4993 2030 3
4994 3936 6
4995 2682 -1
4995 4189 8
4996 369 2
4996 3695 8
4998 549 8
4998 4344 3
4999 659 -9
