500 503
0 250 36
2 331 2
4 416 27
4 435 30
4 487 36
5 48 0
5 132 13
6 65 29
6 0 31
9 155 17
9 489 41
11 383 10
12 291 2
12 468 33
13 463 31
14 307 20
16 29 4
16 239 15
17 251 47
18 185 23
19 89 2
20 226 26
22 108 8
24 50 38
24 456 22
25 77 24
26 218 26
29 382 18
30 292 43
32 188 16
35 149 29
36 37 11
36 299 43
37 144 19
38 91 42
39 206 23
40 307 8
41 139 29
41 151 49
42 254 15
42 474 28
43 298 39
45 370 24
46 215 2
48 214 37
48 486 0
49 275 15
50 288 8
50 428 12
51 204 19
51 347 34
51 474 23
51 6 49
52 448 15
57 42 20
60 145 42
60 394 35
61 23 28
65 203 27
65 357 30
65 433 4
65 26 41
68 252 37
71 412 20
71 51 32
74 230 10
74 319 14
74 486 26
74 48 15
75 175 2
75 53 2
76 274 31
77 83 19
77 453 38
78 321 42
81 323 4
82 84 34
82 142 5
82 158 9
82 163 24
83 341 36
84 408 23
86 360 38
86 417 9
86 448 7
88 224 49
88 1 49
89 256 6
89 307 28
89 421 10
90 335 12
91 92 22
91 196 27
92 405 26
94 441 28
94 70 15
96 281 43
97 216 17
98 258 9
99 60 39
102 316 33
102 320 11
105 477 7
105 91 17
106 195 29
106 235 19
106 318 10
107 239 42
108 481 41
110 360 11
112 232 49
113 131 11
114 233 30
116 216 49
117 271 22
117 317 20
118 295 27
119 207 14
119 383 0
121 187 34
123 197 45
123 424 2
124 54 21
125 26 20
126 450 15
126 466 5
127 456 16
128 452 28
130 461 25
131 128 37
133 214 10
136 382 24
137 452 31
138 329 43
138 458 15
138 52 47
139 430 33
139 124 17
140 254 33
140 377 30
142 308 38
142 112 31
143 264 4
143 425 10
144 187 31
144 338 43
144 355 29
144 133 25
145 97 8
147 187 26
147 307 34
147 89 37
148 427 22
148 25 34
153 207 24
154 158 31
154 266 44
155 230 10
155 476 35
156 155 28
157 103 6
158 251 26
159 271 2
160 399 0
160 130 28
163 68 34
164 474 4
166 235 3
170 375 22
173 267 5
174 53 9
176 209 6
176 267 38
178 138 29
179 261 31
180 437 8
180 4 29
181 60 27
181 86 49
181 113 32
182 118 28
185 272 21
187 282 46
190 467 16
190 126 50
190 152 44
191 328 29
191 59 27
192 423 21
193 181 41
195 270 33
195 17 33
195 120 9
197 402 47
202 408 15
203 238 20
203 0 39
203 22 2
204 254 43
204 334 12
205 70 41
206 265 37
206 484 36
206 145 40
207 151 30
208 53 1
208 142 7
209 242 18
209 296 27
209 194 15
213 248 45
213 48 18
214 150 5
216 377 2
218 37 38
219 221 35
220 456 49
222 289 6
222 305 18
222 211 10
223 84 42
226 352 30
228 15 9
229 222 23
231 36 38
232 490 25
232 165 50
233 466 12
236 383 22
237 278 11
237 336 5
237 96 37
238 280 12
238 108 27
238 158 13
240 305 6
242 305 43
242 429 19
244 365 29
245 363 47
245 73 48
245 136 44
245 193 33
247 326 46
248 93 27
249 297 28
249 31 42
249 202 47
251 226 35
254 255 13
254 461 17
255 289 38
256 68 23
257 286 7
257 24 40
258 304 50
261 422 40
261 176 0
262 489 13
263 269 27
263 136 39
264 344 26
264 409 24
264 435 41
265 76 12
266 293 4
266 191 49
266 198 27
267 419 5
267 18 3
269 414 22
269 47 16
271 456 23
271 98 29
271 149 27
273 112 48
274 160 12
276 397 40
276 424 47
276 40 18
277 18 29
277 141 44
278 83 18
279 416 32
282 343 31
284 129 32
284 234 16
286 292 25
287 383 28
288 334 40
288 81 21
289 171 22
289 210 46
290 378 17
292 351 30
292 172 28
292 181 30
293 431 37
295 207 30
296 119 5
297 454 44
300 180 34
302 227 46
303 147 23
305 30 46
309 446 25
312 29 50
312 123 10
312 238 38
313 455 26
313 97 46
316 12 36
316 154 4
316 296 38
318 405 46
318 139 19
319 339 1
319 259 37
320 211 20
321 291 41
321 307 20
321 310 4
322 3 47
322 32 25
323 401 39
324 122 23
326 416 18
326 490 38
330 93 11
330 160 15
331 73 10
331 81 19
332 34 6
333 243 35
335 452 50
335 64 3
338 375 14
338 212 36
339 403 47
339 274 4
339 302 26
340 199 12
341 404 36
341 166 36
342 29 28
342 47 37
343 420 1
343 198 25
344 190 12
346 428 21
346 117 36
346 344 12
347 479 33
347 35 36
347 189 48
347 286 49
348 247 20
348 331 3
349 24 42
350 46 44
350 122 37
350 178 3
350 242 2
351 382 36
352 425 23
352 151 25
354 400 20
354 266 38
355 416 40
357 29 10
358 100 49
359 245 10
361 396 7
361 225 38
362 143 50
363 137 22
365 33 10
366 169 1
367 271 46
369 55 34
370 69 32
370 189 22
371 1 5
372 216 25
373 115 28
375 343 36
376 202 22
378 1 3
378 63 9
378 241 28
381 54 45
381 151 30
382 415 39
382 261 28
382 276 46
383 363 28
384 280 38
387 491 11
387 270 22
389 366 27
391 417 21
391 327 35
392 143 32
393 303 29
393 387 24
394 330 12
395 182 6
396 104 27
396 264 41
396 383 9
397 353 2
399 87 11
400 101 40
401 493 40
404 484 12
404 20 36
405 406 27
405 22 50
405 103 23
406 210 35
406 400 24
410 161 3
410 231 38
411 127 3
412 490 10
412 275 19
416 361 14
417 313 3
418 135 37
420 45 11
421 396 6
424 352 40
426 141 36
426 210 23
429 484 11
432 13 19
435 45 2
435 330 25
436 432 38
439 18 48
441 380 27
442 471 4
443 138 22
443 186 48
443 222 12
444 7 31
444 311 10
445 53 10
446 299 25
448 126 48
448 381 29
450 81 49
450 188 21
453 343 2
454 28 11
454 113 11
454 354 37
456 437 45
457 436 26
459 99 9
461 31 32
461 275 41
465 24 44
469 336 25
470 249 6
471 469 25
474 477 7
474 12 15
474 459 6
475 55 27
476 114 46
476 418 40
478 426 19
479 66 46
479 72 18
479 171 34
479 265 41
480 28 6
480 145 22
480 348 33
481 312 39
481 396 30
482 246 38
482 466 15
482 469 34
484 64 18
484 412 0
486 190 42
488 262 10
488 287 43
489 424 24
490 242 44
492 295 14
492 357 6
494 282 32
495 68 40
495 117 48
495 427 30
497 482 6
498 24 36
498 262 25
498 304 37
498 308 13
