1000
0 199
1 226
2 68
3 85
4 180
5 146
6 30
7 224
8 65
9 304
10 250
11 298
12 200
13 69
14 208
15 83
16 97
17 261
18 134
19 260
20 106
21 288
22 50
23 79
24 237
25 238
26 125
27 230
28 184
29 326
31 253
32 248
33 62
34 249
35 55
36 155
37 53
38 183
39 266
40 215
41 115
42 223
43 207
44 216
45 162
46 292
47 164
48 143
49 345
51 212
52 243
54 66
56 287
57 75
58 233
59 245
60 151
61 179
63 239
64 178
67 272
70 320
71 368
72 81
73 302
74 214
76 332
77 316
78 144
80 376
82 335
84 130
86 95
87 91
88 182
89 148
90 380
92 105
93 269
94 341
96 331
98 174
99 317
100 110
101 181
102 361
103 112
104 129
107 275
108 165
109 210
111 402
113 136
114 383
116 390
117 306
118 126
119 362
120 270
121 262
122 357
123 252
124 377
127 347
128 177
131 382
132 167
133 323
135 372
137 311
138 206
139 366
140 389
141 358
142 436
145 205
147 369
149 412
150 191
152 418
153 271
154 321
156 300
157 337
158 350
159 221
160 409
161 176
163 416
166 437
168 403
169 336
170 257
171 419
172 220
173 432
175 453
185 236
186 305
187 411
188 344
189 457
190 487
192 397
193 334
194 283
195 443
196 430
197 458
198 448
201 338
202 450
203 479
204 284
209 404
211 296
213 398
217 456
218 476
219 410
222 314
225 399
227 282
228 520
229 464
231 396
232 367
234 330
235 401
240 501
241 537
242 415
244 505
246 346
247 414
251 395
254 517
255 497
256 356
258 493
259 482
263 378
264 387
265 319
267 339
268 495
273 364
274 492
276 441
277 486
278 447
279 500
280 462
281 481
285 583
286 463
289 308
290 374
291 370
293 496
294 474
295 312
297 373
299 589
301 393
303 519
307 480
309 503
310 360
313 568
315 547
318 576
322 599
324 546
325 511
327 551
328 539
329 598
333 484
340 525
342 413
343 555
348 633
349 622
351 523
352 549
353 586
354 388
355 424
359 602
363 619
365 477
371 637
375 567
379 664
381 460
384 468
385 510
386 644
391 625
392 692
394 509
400 515
405 544
406 469
407 592
408 650
417 646
420 627
421 563
422 423
425 564
426 490
427 561
428 584
429 621
431 716
433 635
434 483
435 679
438 655
439 455
440 659
442 522
444 541
445 626
446 605
449 623
451 669
452 596
454 607
459 725
461 556
465 506
466 471
467 671
470 507
472 668
473 663
475 744
478 636
485 717
488 628
489 735
491 572
494 696
498 708
499 504
502 666
508 661
512 809
513 673
514 601
516 652
518 729
521 808
524 548
526 741
527 574
528 740
529 540
530 830
531 711
532 731
533 606
534 675
535 818
536 718
538 726
542 714
543 630
545 791
550 732
552 560
553 677
554 638
557 759
558 683
559 658
562 710
565 765
566 772
569 786
570 722
571 747
573 784
575 617
577 785
578 588
579 802
580 797
581 758
582 723
585 611
587 813
590 685
591 816
593 649
594 798
595 788
597 870
600 681
603 856
604 631
608 812
609 859
610 801
612 889
613 900
614 811
615 796
616 618
620 895
624 641
629 670
632 828
634 754
639 822
640 733
642 891
643 771
645 894
647 730
648 746
651 917
653 761
654 882
656 871
657 829
660 719
662 866
665 738
667 881
672 742
674 972
676 973
678 694
680 697
682 896
684 962
686 971
687 774
688 938
689 967
690 827
691 775
693 749
695 831
698 779
699 990
700 946
701 793
702 841
703 899
704 836
705 898
706 826
707 863
709 913
712 777
713 960
715 764
720 877
721 924
724 903
727 954
728 773
734 1018
736 876
737 966
739 872
743 1021
745 1020
748 880
750 792
751 965
752 956
753 951
755 1013
756 919
757 908
760 1035
762 807
763 839
766 976
767 925
768 1048
769 991
770 858
776 1072
778 937
780 883
781 998
782 869
783 904
787 1031
789 1027
790 994
794 861
795 810
799 835
800 844
803 987
804 860
805 957
806 1080
814 874
815 1046
817 1076
819 1067
820 948
821 1045
823 865
824 1001
825 999
832 1086
833 1103
834 1110
837 907
838 984
840 977
842 1062
843 906
845 983
846 1094
847 1115
848 922
849 935
850 1017
851 1049
852 1137
853 1023
854 961
855 905
857 1047
862 892
864 927
867 1015
868 909
873 1042
875 1011
878 1083
879 912
884 1036
885 1130
886 975
887 1169
888 1107
890 1175
893 1073
897 959
901 1087
902 1100
910 1082
911 1002
914 1016
915 1162
916 988
918 1010
920 1091
921 1190
923 1070
926 1200
928 1134
929 1136
930 1186
931 1140
932 1089
933 989
934 1014
936 1133
939 1164
940 980
941 1219
942 981
943 1117
944 1069
945 1159
947 1064
949 1119
950 1231
952 1124
953 1066
955 1034
958 1123
963 1255
964 1165
968 970
969 1007
974 1197
978 1041
979 1095
982 1144
985 1263
986 1126
992 1257
993 1003
995 1217
996 1022
997 1081
1000 1214
1004 1303
1005 1028
1006 1259
1008 1301
1009 1220
1012 1088
1019 1160
1024 1284
1025 1098
1026 1290
1029 1264
1030 1274
1032 1084
1033 1305
1037 1057
1038 1288
1039 1184
1040 1333
1043 1206
1044 1278
1050 1291
1051 1256
1052 1316
1053 1106
1054 1178
1055 1185
1056 1152
1058 1270
1059 1225
1060 1135
1061 1351
1063 1325
1065 1340
1068 1205
1071 1222
1074 1252
1075 1310
1077 1347
1078 1341
1079 1177
1085 1161
1090 1147
1092 1109
1093 1352
1096 1276
1097 1289
1099 1105
1101 1294
1102 1372
1104 1315
1108 1277
1111 1330
1112 1358
1113 1146
1114 1336
1116 1269
1118 1156
1120 1249
1121 1355
1122 1239
1125 1203
1127 1266
1128 1403
1129 1332
1131 1221
1132 1275
1138 1262
1139 1153
1141 1172
1142 1312
1143 1155
1145 1283
1148 1418
1149 1425
1150 1311
1151 1170
1154 1268
1157 1241
1158 1450
1163 1308
1166 1224
1167 1399
1168 1182
1171 1350
1173 1471
1174 1394
1176 1228
1179 1451
1180 1480
1181 1320
1183 1470
1187 1467
1188 1286
1189 1378
1191 1348
1192 1365
1193 1329
1194 1254
1195 1468
1196 1216
1198 1208
1199 1393
1201 1299
1202 1281
1204 1485
1207 1489
1209 1436
1210 1407
1211 1466
1212 1383
1213 1445
1215 1296
1218 1514
1223 1331
1226 1423
1227 1306
1229 1502
1230 1309
1232 1250
1233 1479
1234 1391
1235 1322
1236 1449
1237 1374
1238 1477
1240 1385
1242 1474
1243 1497
1244 1437
1245 1510
1246 1429
1247 1494
1248 1302
1251 1457
1253 1551
1258 1530
1260 1475
1261 1390
1265 1319
1267 1481
1271 1353
1272 1392
1273 1387
1279 1557
1280 1364
1282 1382
1285 1406
1287 1346
1292 1512
1293 1366
1295 1386
1297 1552
1298 1427
1300 1550
1304 1535
1307 1582
1313 1452
1314 1444
1317 1533
1318 1531
1321 1328
1323 1379
1324 1527
1326 1404
1327 1490
1334 1543
1335 1413
1337 1628
1338 1473
1339 1529
1342 1559
1343 1375
1344 1454
1345 1469
1349 1629
1354 1592
1356 1482
1357 1548
1359 1446
1360 1400
1361 1395
1362 1599
1363 1492
1367 1544
1368 1567
1369 1597
1370 1484
1371 1500
1373 1432
1376 1448
1377 1458
1380 1648
1381 1417
1384 1460
1388 1610
1389 1688
1396 1560
1397 1635
1398 1405
1401 1442
1402 1542
1408 1708
1409 1608
1410 1673
1411 1566
1412 1596
1414 1488
1415 1623
1416 1656
1419 1683
1420 1583
1421 1636
1422 1624
1424 1685
1426 1647
1428 1646
1430 1438
1431 1581
1433 1456
1434 1706
1435 1722
1439 1716
1440 1585
1441 1663
1443 1715
1447 1666
1453 1729
1455 1653
1459 1712
1461 1483
1462 1660
1463 1595
1464 1568
1465 1757
1472 1541
1476 1642
1478 1652
1486 1504
1487 1742
1491 1763
1493 1580
1495 1773
1496 1755
1498 1777
1499 1632
1501 1750
1503 1626
1505 1793
1506 1803
1507 1667
1508 1526
1509 1743
1511 1780
1513 1678
1515 1705
1516 1707
1517 1641
1518 1799
1519 1812
1520 1783
1521 1622
1522 1564
1523 1524
1525 1802
1528 1613
1532 1693
1534 1563
1536 1638
1537 1804
1538 1837
1539 1713
1540 1643
1545 1756
1546 1825
1547 1725
1549 1699
1553 1847
1554 1727
1555 1738
1556 1558
1561 1854
1562 1850
1565 1606
1569 1782
1570 1792
1571 1627
1572 1844
1573 1717
1574 1831
1575 1821
1576 1759
1577 1768
1578 1824
1579 1749
1584 1661
1586 1612
1587 1659
1588 1852
1589 1835
1590 1714
1591 1617
1593 1751
1594 1855
1598 1701
1600 1630
1601 1867
1602 1807
1603 1857
1604 1845
1605 1735
1607 1779
1609 1809
1611 1838
1614 1747
1615 1878
1616 1639
1618 1856
1619 1901
1620 1798
1621 1709
1625 1875
1631 1651
1633 1884
1634 1690
1637 1697
1640 1842
1644 1696
1645 1758
1649 1840
1650 1892
1654 1687
1655 1814
1657 1841
1658 1880
1662 1680
1664 1914
1665 1817
1668 1764
1669 1858
1670 1866
1671 1931
1672 1682
1674 1737
1675 1927
1676 1948
1677 1957
1679 1834
1681 1882
1684 1711
1686 1861
1689 1954
1691 1979
1692 1785
1694 1937
1695 1992
1698 1989
1700 1908
1702 1945
1703 1918
1704 1894
1710 1801
1718 1870
1719 1958
1720 1976
1721 1787
1723 1943
1724 1786
1726 1999
1728 1830
1730 1974
1731 1736
1732 1909
1733 1833
1734 1994
1739 1753
1740 1887
1741 1995
1744 1808
1745 1826
1746 1877
1748 1813
1752 1934
1754 1971
1760 1893
1761 1953
1762 1848
1765 1984
1766 1788
1767 1883
1769 1895
1770 1944
1771 1965
1772 1956
1774 1942
1775 1904
1776 1902
1778 1888
1781 1898
1784 1820
1789 1966
1790 1964
1791 1993
1794 1998
1795 1811
1796 1913
1797 1932
1800 1897
1805 1991
1806 1889
1810 1865
1815 1896
1816 1982
1818 1935
1819 1836
1822 1823
1827 1983
1828 1928
1829 1996
1832 1900
1839 1930
1843 1955
1846 1988
1849 1923
1851 1919
1853 1940
1859 1938
1860 1973
1862 1921
1863 1950
1864 1905
1868 1924
1869 1978
1871 1917
1872 1899
1873 1890
1874 1959
1876 1977
1879 1946
1881 1987
1885 1961
1886 1947
1891 1929
1903 1933
1906 1936
1907 1951
1910 1970
1911 1980
1912 1997
1915 1941
1916 1922
1920 1986
1925 1949
1926 1939
1952 1981
1960 1990
1962 1972
1963 1975
1967 1985
1968 1969
