500
0 3
1 9
2 14
4 15
5 13
6 17
7 12
8 19
10 20
11 23
16 28
18 26
21 32
22 34
24 29
25 30
27 35
31 36
33 44
37 40
38 41
39 49
42 47
43 50
45 54
46 51
48 55
52 63
53 58
56 60
57 61
59 71
62 65
64 72
66 68
67 78
69 75
70 77
73 85
74 76
79 83
80 90
81 87
82 84
86 93
88 95
89 98
91 92
94 105
96 107
97 100
99 108
101 110
102 109
103 113
104 114
106 111
112 120
115 126
116 119
117 129
118 127
121 122
123 125
124 131
128 139
130 137
132 140
133 134
135 136
138 148
141 153
142 147
143 154
144 145
146 158
149 161
150 160
151 157
152 164
155 156
159 166
162 174
163 169
165 170
167 171
168 176
172 181
173 182
175 179
177 183
178 185
180 186
184 196
187 198
188 190
189 200
191 193
192 197
194 206
195 204
199 202
201 203
205 216
207 212
208 220
209 217
210 214
211 218
213 219
215 226
221 222
223 227
224 231
225 235
228 234
229 241
230 232
233 245
236 237
238 244
239 246
240 247
242 254
243 249
248 252
250 260
251 258
253 257
255 264
256 259
261 272
262 270
263 265
266 278
267 268
269 281
271 279
273 280
274 286
275 284
276 285
277 283
282 292
287 295
288 299
289 297
290 293
291 301
294 296
298 307
300 305
302 313
303 312
304 314
306 311
308 315
309 321
310 318
316 322
317 325
319 327
320 324
323 329
326 332
328 339
330 338
331 336
333 340
334 343
335 342
337 348
341 350
344 355
345 357
346 349
347 358
351 353
352 362
354 366
356 364
359 360
361 373
363 370
365 369
367 377
368 379
371 375
372 381
374 385
376 387
378 384
380 388
382 392
383 389
386 391
390 395
393 400
394 405
396 403
397 401
398 409
399 408
402 412
404 410
406 418
407 411
413 423
414 415
416 417
419 428
420 425
421 432
422 433
424 431
426 429
427 436
430 438
434 440
435 443
437 448
439 441
442 451
444 445
446 456
447 454
449 461
450 455
452 453
457 466
458 469
459 463
460 470
462 471
464 465
467 476
468 472
473 478
474 483
475 479
477 482
480 488
481 490
484 485
486 492
487 496
489 498
491 502
493 501
494 506
495 503
497 507
499 511
500 509
504 512
505 516
508 510
513 518
514 526
515 523
517 528
519 530
520 529
521 524
522 531
525 532
527 536
533 543
534 542
535 537
538 550
539 544
540 552
541 553
545 546
547 557
548 551
549 559
554 563
555 560
556 562
558 570
561 565
564 569
566 576
567 571
568 578
572 582
573 581
574 585
575 584
577 579
580 589
583 592
586 593
587 590
588 600
591 596
594 603
595 597
598 601
599 611
602 610
604 605
606 616
607 608
609 614
612 622
613 624
615 617
618 628
619 621
620 623
625 630
626 631
627 632
629 637
633 644
634 645
635 642
636 643
638 646
639 648
640 652
641 649
647 654
650 661
651 662
653 657
655 659
656 666
658 664
660 669
663 672
665 668
667 671
670 680
673 679
674 678
675 683
676 686
677 682
681 690
684 688
685 697
687 693
689 691
692 695
694 700
696 698
699 706
701 708
702 705
703 709
704 711
707 716
710 719
712 714
713 717
715 723
718 721
720 727
722 730
724 725
726 732
728 740
729 735
731 736
733 741
734 743
737 748
738 747
739 751
742 744
745 755
746 752
749 760
750 757
753 765
754 759
756 762
758 769
761 766
763 768
764 773
767 776
770 772
771 781
774 777
775 784
778 787
779 791
780 788
782 790
783 793
785 796
786 792
789 800
794 797
795 804
798 801
799 807
802 814
803 812
805 815
806 817
808 811
809 818
810 820
813 816
819 822
821 831
823 833
824 829
825 826
827 838
828 830
832 839
834 836
835 844
837 845
840 848
841 853
842 847
843 849
846 850
851 855
852 861
854 865
856 858
857 866
859 868
860 862
863 875
864 869
867 877
870 876
871 879
872 882
873 885
874 886
878 883
880 889
881 893
884 888
887 898
890 897
891 894
892 900
895 905
896 906
899 907
901 911
902 908
903 904
909 917
910 921
912 924
913 914
915 916
918 926
919 930
920 931
922 932
923 933
925 927
928 934
929 939
935 946
936 940
937 948
938 944
941 943
942 949
945 957
947 951
950 958
952 964
953 965
954 963
955 962
956 968
959 970
960 971
961 967
966 977
969 979
972 978
973 983
974 981
975 985
976 984
980 989
982 993
986 996
987 997
988 991
990 992
994 999
995 998
