1000
0 12
1 10
2 4
3 7
5 6
8 20
9 14
11 26
13 18
15 21
16 19
17 28
22 30
23 33
24 27
25 32
29 37
31 35
34 43
36 44
38 47
39 40
41 53
42 55
45 48
46 61
49 59
50 60
51 62
52 57
54 68
56 65
58 63
64 72
66 77
67 76
69 74
70 78
71 79
73 86
75 90
80 95
81 87
82 84
83 94
85 98
88 103
89 104
91 92
93 99
96 105
97 107
100 115
101 109
102 117
106 110
108 122
111 123
112 118
113 120
114 125
116 128
119 126
121 134
124 130
127 141
129 143
131 145
132 144
133 148
135 142
136 149
137 151
138 140
139 150
146 161
147 158
152 164
153 155
154 157
156 171
159 163
160 168
162 166
165 169
167 182
170 179
172 181
173 183
174 188
175 185
176 186
177 187
178 193
180 189
184 192
190 197
191 199
194 195
196 200
198 205
201 207
202 216
203 218
204 214
206 209
208 221
210 220
211 219
212 215
213 228
217 223
222 236
224 234
225 238
226 230
227 239
229 231
232 237
233 242
235 243
240 248
241 244
245 257
246 254
247 258
249 260
250 262
251 253
252 261
255 269
256 270
259 272
263 276
264 265
266 280
267 268
271 281
273 275
274 283
277 290
278 289
279 292
282 286
284 287
285 288
291 304
293 297
294 300
295 306
296 303
298 307
299 313
301 316
302 317
305 310
308 309
311 326
312 322
314 324
315 320
318 331
319 333
321 328
323 335
325 338
327 329
330 337
332 345
334 341
336 344
339 342
340 347
343 349
346 353
348 355
350 361
351 366
352 359
354 360
356 368
357 362
358 367
363 378
364 371
365 372
369 374
370 382
373 383
375 384
376 391
377 389
379 381
380 393
385 395
386 398
387 396
388 401
390 400
392 403
394 409
397 410
399 404
402 407
405 420
406 415
408 411
412 424
413 425
414 418
416 422
417 432
419 433
421 427
423 435
426 439
428 434
429 441
430 437
431 446
436 447
438 451
440 443
442 454
444 449
445 457
448 460
450 455
452 453
456 462
458 459
461 474
463 470
464 475
465 479
466 481
467 477
468 471
469 480
472 473
476 485
478 489
482 493
483 497
484 495
486 487
488 502
490 491
492 505
494 509
496 503
498 508
499 507
500 512
501 511
504 510
506 516
513 520
514 529
515 519
517 521
518 533
522 531
523 525
524 536
526 540
527 528
530 539
532 537
534 543
535 542
538 545
541 550
544 546
547 554
548 562
549 560
551 565
552 563
553 559
555 558
556 571
557 572
561 573
564 569
566 568
567 582
570 578
574 584
575 581
576 590
577 592
579 580
583 588
585 586
587 601
589 591
593 602
594 599
595 606
596 605
597 610
598 604
600 613
603 609
607 612
608 618
611 626
614 628
615 616
617 622
619 625
620 627
621 623
624 635
629 640
630 638
631 636
632 639
633 648
634 641
637 643
642 644
645 657
646 654
647 660
649 656
650 659
651 653
652 661
655 668
658 670
662 676
663 675
664 674
665 669
666 678
667 672
671 677
673 685
679 680
681 686
682 696
683 691
684 687
688 695
689 698
690 701
692 704
693 700
694 699
697 712
702 714
703 709
705 717
706 713
707 721
708 716
710 715
711 719
718 730
720 729
722 724
723 735
725 732
726 739
727 728
731 740
733 738
734 743
736 747
737 746
741 755
742 750
744 753
745 756
748 758
749 754
751 760
752 757
759 766
761 773
762 768
763 778
764 772
765 774
767 775
769 782
770 776
771 780
777 789
779 783
781 786
784 785
787 790
788 802
791 796
792 799
793 806
794 803
795 807
797 811
798 800
801 808
804 812
805 814
809 815
810 818
813 826
816 824
817 829
819 834
820 830
821 822
823 832
825 835
827 840
828 839
831 844
833 842
836 838
837 850
841 852
843 855
845 846
847 856
848 857
849 853
851 860
854 859
858 866
861 863
862 873
864 879
865 875
867 878
868 877
869 881
870 883
871 882
872 886
874 889
876 885
880 892
884 899
887 898
888 901
890 894
891 903
893 895
896 905
897 904
900 911
902 910
906 907
908 913
909 920
912 925
914 929
915 928
916 917
918 927
919 933
921 922
923 937
924 935
926 931
930 941
932 938
934 948
936 949
939 944
940 946
942 950
943 952
945 960
947 954
951 955
953 967
956 959
957 969
958 964
961 962
963 966
965 972
968 980
970 973
971 976
974 981
975 985
977 990
978 984
979 991
982 992
983 998
986 997
987 1000
988 989
993 1002
994 1004
995 1007
996 1009
999 1012
1001 1016
1003 1010
1005 1015
1006 1013
1008 1023
1011 1020
1014 1017
1018 1019
1021 1032
1022 1029
1024 1026
1025 1035
1027 1028
1030 1036
1031 1041
1033 1040
1034 1046
1037 1045
1038 1043
1039 1054
1042 1053
1044 1051
1047 1061
1048 1050
1049 1056
1052 1062
1055 1058
1057 1067
1059 1065
1060 1073
1063 1078
1064 1069
1066 1070
1068 1083
1071 1084
1072 1076
1074 1080
1075 1081
1077 1090
1079 1094
1082 1088
1085 1095
1086 1099
1087 1091
1089 1104
1092 1106
1093 1108
1096 1103
1097 1107
1098 1102
1100 1114
1101 1109
1105 1116
1110 1113
1111 1123
1112 1124
1115 1130
1117 1120
1118 1119
1121 1134
1122 1125
1126 1141
1127 1136
1128 1140
1129 1143
1131 1138
1132 1142
1133 1137
1135 1147
1139 1145
1144 1158
1146 1156
1148 1161
1149 1162
1150 1159
1151 1165
1152 1155
1153 1157
1154 1164
1160 1175
1163 1168
1166 1167
1169 1170
1171 1181
1172 1185
1173 1178
1174 1187
1176 1180
1177 1182
1179 1184
1183 1191
1186 1196
1188 1193
1189 1198
1190 1205
1192 1206
1194 1209
1195 1203
1197 1207
1199 1201
1200 1210
1202 1204
1208 1216
1211 1224
1212 1217
1213 1219
1214 1227
1215 1230
1218 1228
1220 1226
1221 1235
1222 1237
1223 1233
1225 1239
1229 1241
1231 1244
1232 1247
1234 1236
1238 1243
1240 1246
1242 1252
1245 1250
1248 1261
1249 1262
1251 1257
1253 1254
1255 1260
1256 1270
1258 1271
1259 1266
1263 1268
1264 1275
1265 1272
1267 1279
1269 1273
1274 1289
1276 1281
1277 1283
1278 1292
1280 1291
1282 1293
1284 1299
1285 1298
1286 1287
1288 1302
1290 1294
1295 1304
1296 1297
1300 1303
1301 1306
1305 1308
1307 1312
1309 1322
1310 1317
1311 1318
1313 1327
1314 1323
1315 1329
1316 1320
1319 1321
1324 1328
1325 1340
1326 1341
1330 1342
1331 1334
1332 1338
1333 1335
1336 1344
1337 1346
1339 1347
1343 1356
1345 1357
1348 1355
1349 1363
1350 1364
1351 1366
1352 1353
1354 1361
1358 1365
1359 1374
1360 1367
1362 1370
1368 1378
1369 1375
1371 1376
1372 1386
1373 1383
1377 1387
1379 1385
1380 1384
1381 1395
1382 1393
1388 1389
1390 1392
1391 1404
1394 1403
1396 1400
1397 1402
1398 1405
1399 1409
1401 1411
1406 1408
1407 1415
1410 1416
1412 1418
1413 1421
1414 1420
1417 1427
1419 1425
1422 1434
1423 1430
1424 1436
1426 1429
1428 1433
1431 1444
1432 1435
1437 1450
1438 1446
1439 1441
1440 1443
1442 1453
1445 1458
1447 1448
1449 1452
1451 1462
1454 1459
1455 1466
1456 1467
1457 1463
1460 1470
1461 1475
1464 1474
1465 1478
1468 1479
1469 1480
1471 1481
1472 1483
1473 1476
1477 1486
1482 1490
1484 1499
1485 1494
1487 1498
1488 1492
1489 1493
1491 1504
1495 1497
1496 1503
1500 1509
1501 1515
1502 1516
1505 1507
1506 1518
1508 1511
1510 1521
1512 1514
1513 1527
1517 1524
1519 1533
1520 1528
1522 1523
1525 1539
1526 1537
1529 1541
1530 1543
1531 1535
1532 1545
1534 1548
1536 1550
1538 1553
1540 1552
1542 1547
1544 1556
1546 1558
1549 1563
1551 1557
1554 1569
1555 1562
1559 1564
1560 1574
1561 1565
1566 1570
1567 1568
1571 1586
1572 1580
1573 1582
1575 1589
1576 1579
1577 1584
1578 1585
1581 1593
1583 1587
1588 1592
1590 1599
1591 1603
1594 1605
1595 1604
1596 1609
1597 1606
1598 1602
1600 1610
1601 1608
1607 1618
1611 1623
1612 1620
1613 1628
1614 1625
1615 1629
1616 1627
1617 1622
1619 1630
1621 1636
1624 1626
1631 1632
1633 1638
1634 1640
1635 1650
1637 1644
1639 1641
1642 1647
1643 1653
1645 1656
1646 1658
1648 1661
1649 1663
1651 1654
1652 1657
1655 1665
1659 1673
1660 1664
1662 1674
1666 1675
1667 1682
1668 1676
1669 1678
1670 1672
1671 1683
1677 1691
1679 1692
1680 1684
1681 1689
1685 1688
1686 1694
1687 1693
1690 1705
1695 1696
1697 1706
1698 1708
1699 1701
1700 1712
1702 1707
1703 1704
1709 1718
1710 1722
1711 1723
1713 1727
1714 1720
1715 1729
1716 1719
1717 1730
1721 1736
1724 1732
1725 1733
1726 1738
1728 1735
1731 1746
1734 1743
1737 1751
1739 1752
1740 1750
1741 1754
1742 1756
1744 1747
1745 1749
1748 1755
1753 1758
1757 1771
1759 1766
1760 1774
1761 1776
1762 1768
1763 1770
1764 1765
1767 1773
1769 1778
1772 1785
1775 1783
1777 1792
1779 1788
1780 1786
1781 1787
1782 1795
1784 1796
1789 1793
1790 1794
1791 1800
1797 1807
1798 1799
1801 1808
1802 1815
1803 1812
1804 1811
1805 1810
1806 1820
1809 1813
1814 1816
1817 1825
1818 1829
1819 1830
1821 1834
1822 1828
1823 1833
1824 1832
1826 1827
1831 1844
1835 1843
1836 1850
1837 1846
1838 1853
1839 1841
1840 1849
1842 1847
1845 1852
1848 1863
1851 1866
1854 1862
1855 1868
1856 1871
1857 1859
1858 1872
1860 1861
1864 1865
1867 1875
1869 1873
1870 1879
1874 1881
1876 1884
1877 1880
1878 1887
1882 1890
1883 1885
1886 1889
1888 1894
1891 1893
1892 1899
1895 1904
1896 1905
1897 1898
1900 1914
1901 1902
1903 1909
1906 1908
1907 1917
1910 1915
1911 1919
1912 1923
1913 1926
1916 1927
1918 1930
1920 1921
1922 1936
1924 1937
1925 1939
1928 1931
1929 1934
1932 1933
1935 1950
1938 1953
1940 1955
1941 1942
1943 1944
1945 1959
1946 1954
1947 1960
1948 1956
1949 1961
1951 1963
1952 1957
1958 1971
1962 1966
1964 1970
1965 1974
1967 1972
1968 1976
1969 1973
1975 1982
1977 1987
1978 1990
1979 1985
1980 1986
1981 1983
1984 1988
1989 1999
1991 1998
1992 1997
1993 1996
1994 1995
