100
0 25
1 12
2 4
3 18
5 6
7 31
8 35
9 13
10 16
11 33
14 39
15 19
17 37
20 44
21 42
22 26
23 48
24 45
27 46
28 56
29 58
30 59
32 50
34 61
36 64
38 49
40 51
41 53
43 54
47 55
52 82
57 62
60 67
63 91
65 95
66 92
68 88
69 84
70 77
71 93
72 76
73 100
74 81
75 99
78 101
79 109
80 96
83 107
85 115
86 112
87 98
89 90
94 124
97 106
102 114
103 113
104 128
105 134
108 117
110 135
111 132
116 120
118 127
119 133
121 141
122 147
123 144
125 149
126 140
129 159
130 154
131 136
137 142
138 167
139 153
143 165
145 171
146 155
148 177
150 172
151 176
152 158
156 169
157 186
160 190
161 162
163 170
164 194
166 175
168 179
173 199
174 181
178 198
180 189
182 183
184 191
185 192
187 188
193 196
195 197
