2000
0 214
1 115
2 58
3 30
4 24
5 131
6 162
7 182
8 90
9 50
10 222
11 81
12 102
13 53
14 93
15 21
16 178
17 165
18 247
19 262
20 32
22 225
23 235
25 261
26 49
27 209
28 86
29 266
31 146
33 167
34 201
35 142
36 51
37 117
38 47
39 255
40 204
41 114
42 218
43 91
44 193
45 267
46 207
48 200
52 274
54 106
55 183
56 224
57 103
59 257
60 230
61 278
62 168
63 174
64 68
65 74
66 285
67 151
69 304
70 308
71 150
72 166
73 148
75 160
76 94
77 104
78 323
79 220
80 179
82 185
83 277
84 198
85 312
87 271
88 287
89 245
92 132
95 96
97 335
98 258
99 154
100 203
101 215
105 327
107 272
108 251
109 265
110 360
111 286
112 310
113 275
116 328
118 345
119 297
120 232
121 217
122 273
123 249
124 344
125 264
126 212
127 367
128 137
129 196
130 316
133 239
134 163
135 322
136 320
138 234
139 263
140 268
141 206
143 253
144 332
145 228
147 280
149 331
152 356
153 348
155 342
156 382
157 381
158 343
159 227
161 199
164 311
169 369
170 281
171 363
172 376
173 240
175 397
176 208
177 357
180 428
181 301
184 338
186 269
187 389
188 192
189 321
190 259
191 402
194 300
195 260
197 380
202 233
205 303
210 256
211 407
213 400
216 431
219 270
221 339
223 392
226 289
229 418
231 423
236 455
237 410
238 438
241 399
242 445
243 391
244 398
246 470
248 353
250 480
252 472
254 408
276 413
279 488
282 419
283 412
284 333
288 525
290 326
291 417
292 444
293 306
294 368
295 416
296 373
298 535
299 355
302 513
305 504
307 430
309 549
313 469
314 442
315 505
317 479
318 518
319 405
324 493
325 465
329 502
330 519
334 446
336 540
337 509
340 420
341 462
346 570
347 506
349 539
350 354
351 396
352 595
358 421
359 600
361 533
362 510
364 453
365 520
366 575
370 607
371 564
372 554
374 388
375 429
377 604
378 515
379 516
383 490
384 596
385 542
386 635
387 630
390 590
393 507
394 478
395 571
401 531
403 639
404 477
406 489
409 606
411 475
414 527
415 654
422 496
424 547
425 587
426 541
427 566
432 593
433 454
434 440
435 521
436 616
437 452
439 679
441 573
443 451
447 560
448 514
449 622
450 508
456 661
457 675
458 633
459 471
460 625
461 651
463 562
464 619
466 693
467 632
468 687
473 483
474 526
476 653
481 729
482 644
484 591
485 552
486 574
487 556
491 499
492 670
494 736
495 715
497 746
498 536
500 724
501 610
503 703
511 523
512 716
517 629
522 717
524 690
528 572
529 710
530 722
532 641
534 760
537 597
538 577
543 613
544 769
545 792
546 626
548 781
550 752
551 692
553 580
555 741
557 798
558 790
559 688
561 735
563 743
565 673
567 725
568 750
569 664
576 714
578 671
579 788
581 628
582 702
583 826
584 701
585 634
586 685
588 734
589 825
592 809
594 811
598 837
599 621
601 636
602 846
603 822
605 707
608 698
609 666
611 745
612 789
614 819
615 834
617 642
618 839
620 676
623 836
624 808
627 677
631 730
637 700
638 863
640 886
643 645
646 893
647 721
648 845
649 667
650 759
652 810
655 888
656 859
657 660
658 782
659 727
662 694
663 791
665 815
668 691
669 708
672 772
674 744
678 890
680 876
681 742
682 728
683 928
684 806
686 801
689 720
695 797
696 807
697 923
699 821
704 803
705 758
706 770
709 860
711 870
712 881
713 939
718 872
719 874
723 832
726 749
731 934
732 784
733 973
737 761
738 941
739 830
740 962
747 812
748 844
751 891
753 948
754 787
755 979
756 974
757 1005
762 906
763 967
764 785
765 778
766 818
767 831
768 850
771 878
773 800
774 994
775 869
776 989
777 827
779 953
780 931
783 1020
786 911
793 996
794 955
795 1037
796 901
799 829
802 943
804 885
805 1029
813 981
814 1032
816 823
817 1030
820 865
824 990
828 892
833 1001
835 1010
838 887
840 936
841 978
842 949
843 919
847 977
848 1031
849 971
851 925
852 862
853 995
854 1017
855 897
856 871
857 976
858 946
861 1035
864 1057
866 920
867 1006
868 968
873 1071
875 988
877 1024
879 1043
880 894
882 952
883 1069
884 1132
889 991
895 1033
896 1120
898 1034
899 1112
900 1100
902 1085
903 1040
904 1064
905 1007
907 1144
908 1141
909 1122
910 1036
912 1000
913 961
914 1079
915 1133
916 1102
917 1161
918 1110
921 993
922 1135
924 983
926 1014
927 1150
929 1168
930 997
932 1077
933 963
935 1070
937 1047
938 1167
940 1175
942 1192
944 950
945 986
947 1179
951 1176
954 1106
956 1013
957 970
958 1145
959 1028
960 1162
964 1156
965 1025
966 1169
969 987
972 1098
975 1124
980 1042
982 1080
984 1129
985 1189
992 1130
998 1107
999 1058
1002 1230
1003 1126
1004 1127
1008 1235
1009 1253
1011 1055
1012 1114
1015 1046
1016 1018
1019 1137
1021 1142
1022 1248
1023 1236
1026 1138
1027 1272
1038 1239
1039 1096
1041 1212
1044 1095
1045 1153
1048 1049
1050 1298
1051 1154
1052 1062
1053 1075
1054 1136
1056 1140
1059 1205
1060 1111
1061 1243
1063 1226
1065 1296
1066 1178
1067 1158
1068 1088
1072 1211
1073 1191
1074 1184
1076 1208
1078 1271
1081 1181
1082 1289
1083 1276
1084 1242
1086 1223
1087 1324
1089 1304
1090 1171
1091 1206
1092 1237
1093 1307
1094 1269
1097 1257
1099 1327
1101 1346
1103 1332
1104 1299
1105 1345
1108 1281
1109 1207
1113 1305
1115 1357
1116 1294
1117 1312
1118 1359
1119 1328
1121 1337
1123 1225
1125 1198
1128 1286
1131 1277
1134 1280
1139 1326
1143 1370
1146 1229
1147 1255
1148 1245
1149 1201
1151 1292
1152 1261
1155 1303
1157 1365
1159 1172
1160 1391
1163 1283
1164 1349
1165 1378
1166 1330
1170 1310
1173 1350
1174 1227
1177 1270
1180 1351
1182 1399
1183 1266
1185 1200
1186 1195
1187 1392
1188 1293
1190 1371
1193 1367
1194 1251
1196 1422
1197 1447
1199 1372
1202 1260
1203 1361
1204 1402
1209 1348
1210 1376
1213 1423
1214 1265
1215 1381
1216 1448
1217 1267
1218 1343
1219 1424
1220 1438
1221 1302
1222 1297
1224 1300
1228 1478
1231 1389
1232 1451
1233 1450
1234 1383
1238 1291
1240 1342
1241 1329
1244 1373
1246 1420
1247 1443
1249 1445
1250 1390
1252 1434
1254 1499
1256 1288
1258 1368
1259 1460
1262 1406
1263 1458
1264 1413
1268 1382
1273 1414
1274 1313
1275 1366
1278 1471
1279 1483
1282 1462
1284 1480
1285 1426
1287 1369
1290 1318
1295 1543
1301 1518
1306 1353
1308 1519
1309 1456
1311 1403
1314 1556
1315 1501
1316 1467
1317 1561
1319 1421
1320 1475
1321 1495
1322 1400
1323 1455
1325 1517
1331 1509
1333 1411
1334 1377
1335 1544
1336 1435
1338 1490
1339 1522
1340 1573
1341 1427
1344 1502
1347 1594
1352 1601
1354 1418
1355 1486
1356 1567
1358 1608
1360 1464
1362 1463
1363 1494
1364 1513
1374 1474
1375 1395
1379 1534
1380 1507
1384 1425
1385 1440
1386 1528
1387 1506
1388 1568
1393 1407
1394 1575
1396 1481
1397 1516
1398 1555
1401 1637
1404 1430
1405 1432
1408 1645
1409 1622
1410 1605
1412 1469
1415 1624
1416 1557
1417 1609
1419 1459
1428 1633
1429 1477
1431 1672
1433 1597
1436 1548
1437 1654
1439 1472
1441 1566
1442 1553
1444 1586
1446 1647
1449 1649
1452 1644
1453 1538
1454 1512
1457 1510
1461 1521
1465 1563
1466 1631
1468 1694
1470 1504
1473 1511
1476 1603
1479 1670
1482 1536
1484 1731
1485 1732
1487 1699
1488 1724
1489 1655
1491 1697
1492 1703
1493 1627
1496 1598
1497 1515
1498 1657
1500 1565
1503 1589
1505 1747
1508 1659
1514 1660
1520 1680
1523 1616
1524 1683
1525 1532
1526 1749
1527 1728
1529 1717
1530 1537
1531 1646
1533 1599
1535 1576
1539 1551
1540 1687
1541 1678
1542 1640
1545 1639
1546 1718
1547 1642
1549 1763
1550 1690
1552 1688
1554 1691
1558 1612
1559 1715
1560 1621
1562 1720
1564 1664
1569 1738
1570 1704
1571 1626
1572 1653
1574 1808
1577 1604
1578 1788
1579 1712
1580 1700
1581 1801
1582 1804
1583 1823
1584 1673
1585 1734
1587 1679
1588 1759
1590 1769
1591 1729
1592 1834
1593 1702
1595 1692
1596 1737
1600 1651
1602 1615
1606 1656
1607 1706
1610 1619
1611 1784
1613 1820
1614 1854
1617 1799
1618 1742
1620 1797
1623 1676
1625 1761
1628 1813
1629 1828
1630 1842
1632 1748
1634 1863
1635 1689
1636 1721
1638 1661
1641 1789
1643 1826
1648 1880
1650 1878
1652 1865
1658 1818
1662 1901
1663 1910
1665 1796
1666 1726
1667 1671
1668 1780
1669 1904
1674 1776
1675 1685
1677 1709
1681 1833
1682 1810
1684 1782
1686 1934
1693 1936
1695 1815
1696 1886
1698 1948
1701 1744
1705 1741
1707 1839
1708 1915
1710 1739
1711 1843
1713 1807
1714 1790
1716 1888
1719 1922
1722 1967
1723 1892
1725 1930
1727 1868
1730 1849
1733 1762
1735 1957
1736 1885
1740 1905
1743 1753
1745 1874
1746 1966
1750 1754
1751 1881
1752 1821
1755 1864
1756 1889
1757 1845
1758 1859
1760 1954
1764 1774
1765 1962
1766 2003
1767 1965
1768 1840
1770 1959
1771 1890
1772 2008
1773 1882
1775 1824
1777 1987
1778 1928
1779 2004
1781 1944
1783 1835
1785 2015
1786 2023
1787 1879
1791 2019
1792 1869
1793 2030
1794 1802
1795 1995
1798 2014
1800 1960
1803 2021
1805 2038
1806 1883
1809 1846
1811 1866
1812 1970
1814 1867
1816 1827
1817 1897
1819 2033
1822 1996
1825 1872
1829 2078
1830 1991
1831 2071
1832 2046
1836 2072
1837 1860
1838 2029
1841 1884
1844 1908
1847 1937
1848 2057
1850 1861
1851 2048
1852 2025
1853 1870
1855 1893
1856 1963
1857 2058
1858 1986
1862 2085
1871 2045
1873 1993
1875 2103
1876 2109
1877 1945
1887 2067
1891 2086
1894 2115
1895 1975
1896 2007
1898 2107
1899 2148
1900 2005
1902 2060
1903 2073
1906 1949
1907 2154
1909 2114
1911 2010
1912 2101
1913 1933
1914 2036
1916 2034
1917 1989
1918 2022
1919 2070
1920 2111
1921 2017
1923 2127
1924 2108
1925 1974
1926 2063
1927 1973
1929 2081
1931 1971
1932 1941
1935 2184
1938 2140
1939 2050
1940 2157
1942 2171
1943 2002
1946 1980
1947 2040
1950 2188
1951 2006
1952 2011
1953 2185
1955 2141
1956 2018
1958 2147
1961 2098
1964 2204
1968 1978
1969 2009
1972 2112
1976 2219
1977 2212
1979 2123
1981 2195
1982 2222
1983 2042
1984 2220
1985 2191
1988 2119
1990 2213
1992 2137
1994 2223
1997 2087
1998 2227
1999 2179
2000 2250
2001 2160
2012 2203
2013 2026
2016 2228
2020 2116
2024 2258
2027 2093
2028 2082
2031 2254
2032 2247
2035 2239
2037 2130
2039 2205
2041 2175
2043 2090
2044 2291
2047 2145
2049 2055
2051 2158
2052 2267
2053 2285
2054 2303
2056 2288
2059 2276
2061 2249
2062 2241
2064 2263
2065 2180
2066 2104
2068 2125
2069 2281
2074 2091
2075 2234
2076 2089
2077 2165
2079 2128
2080 2118
2083 2261
2084 2248
2088 2181
2092 2297
2094 2295
2095 2172
2096 2301
2097 2253
2099 2178
2100 2193
2102 2293
2105 2138
2106 2243
2110 2214
2113 2330
2117 2167
2120 2164
2121 2245
2122 2344
2124 2208
2126 2356
2129 2256
2131 2194
2132 2294
2133 2270
2134 2174
2135 2274
2136 2266
2139 2207
2142 2268
2143 2173
2144 2246
2146 2310
2149 2283
2150 2287
2151 2153
2152 2359
2155 2336
2156 2224
2159 2375
2161 2299
2162 2391
2163 2342
2166 2333
2168 2395
2169 2414
2170 2273
2176 2397
2177 2211
2182 2240
2183 2373
2186 2200
2187 2434
2189 2202
2190 2260
2192 2279
2196 2238
2197 2371
2198 2426
2199 2396
2201 2210
2206 2392
2209 2393
2215 2398
2216 2218
2217 2377
2221 2417
2225 2300
2226 2476
2229 2409
2230 2418
2231 2322
2232 2308
2233 2264
2235 2372
2236 2338
2237 2314
2242 2361
2244 2441
2251 2345
2252 2380
2255 2272
2257 2479
2259 2305
2262 2366
2265 2487
2269 2477
2271 2402
2275 2523
2277 2403
2278 2478
2280 2302
2282 2472
2284 2433
2286 2430
2289 2499
2290 2329
2292 2423
2296 2445
2298 2519
2304 2406
2306 2460
2307 2469
2309 2514
2311 2394
2312 2405
2313 2549
2315 2470
2316 2317
2318 2565
2319 2535
2320 2518
2321 2440
2323 2355
2324 2347
2325 2502
2326 2404
2327 2415
2328 2450
2331 2466
2332 2337
2334 2577
2335 2578
2339 2410
2340 2492
2341 2474
2343 2568
2346 2351
2348 2580
2349 2454
2350 2446
2352 2482
2353 2481
2354 2458
2357 2570
2358 2438
2360 2511
2362 2576
2363 2551
2364 2462
2365 2604
2367 2566
2368 2581
2369 2528
2370 2390
2374 2600
2376 2625
2378 2536
2379 2465
2381 2590
2382 2602
2383 2597
2384 2527
2385 2435
2386 2437
2387 2586
2388 2442
2389 2544
2399 2456
2400 2425
2401 2488
2407 2624
2408 2504
2411 2422
2412 2498
2413 2420
2416 2664
2419 2530
2421 2540
2424 2567
2427 2601
2428 2507
2429 2591
2431 2525
2432 2603
2436 2682
2439 2672
2443 2584
2444 2538
2447 2665
2448 2575
2449 2516
2451 2571
2452 2616
2453 2524
2455 2635
2457 2622
2459 2650
2461 2542
2463 2630
2464 2648
2467 2717
2468 2673
2471 2483
2473 2594
2475 2632
2480 2620
2484 2661
2485 2735
2486 2558
2489 2737
2490 2607
2491 2731
2493 2496
2494 2695
2495 2497
2500 2613
2501 2720
2503 2659
2505 2537
2506 2688
2508 2680
2509 2757
2510 2610
2512 2550
2513 2709
2515 2739
2517 2765
2520 2557
2521 2767
2522 2734
2526 2754
2529 2559
2531 2543
2532 2639
2533 2690
2534 2692
2539 2703
2541 2711
2545 2675
2546 2791
2547 2667
2548 2574
2552 2784
2553 2803
2554 2606
2555 2793
2556 2795
2560 2733
2561 2712
2562 2612
2563 2671
2564 2684
2569 2687
2572 2750
2573 2654
2579 2598
2582 2683
2583 2813
2585 2801
2587 2760
2588 2708
2589 2722
2592 2716
2593 2819
2595 2724
2596 2677
2599 2782
2605 2839
2608 2781
2609 2770
2611 2689
2614 2780
2615 2691
2617 2789
2618 2633
2619 2815
2621 2821
2623 2857
2626 2746
2627 2805
2628 2811
2629 2862
2631 2696
2634 2742
2636 2853
2637 2865
2638 2841
2640 2851
2641 2758
2642 2779
2643 2874
2644 2804
2645 2834
2646 2796
2647 2818
2649 2656
2651 2843
2652 2653
2655 2762
2657 2883
2658 2846
2660 2892
2662 2749
2663 2847
2666 2886
2668 2686
2669 2670
2674 2685
2676 2824
2678 2842
2679 2806
2681 2705
2693 2743
2694 2748
2697 2777
2698 2792
2699 2807
2700 2908
2701 2945
2702 2896
2704 2905
2706 2855
2707 2714
2710 2867
2713 2775
2715 2955
2718 2893
2719 2740
2721 2844
2723 2861
2725 2772
2726 2752
2727 2875
2728 2741
2729 2948
2730 2897
2732 2914
2736 2971
2738 2902
2744 2823
2745 2936
2747 2986
2751 2966
2753 2898
2755 2947
2756 2925
2759 2895
2761 2918
2763 2949
2764 2917
2766 2927
2768 2845
2769 2998
2771 2783
2773 3008
2774 3000
2776 2901
2778 2978
2785 2848
2786 2899
2787 2973
2788 2974
2790 3027
2794 2888
2797 2909
2798 3030
2799 3004
2800 3032
2802 2952
2808 3049
2809 3026
2810 2975
2812 3023
2814 2868
2816 3025
2817 2826
2820 3062
2822 3009
2825 3042
2827 3047
2828 3068
2829 2933
2830 3020
2831 3012
2832 2837
2833 2907
2835 2900
2836 2929
2838 3037
2840 3018
2849 2922
2850 2956
2852 3067
2854 2924
2856 3065
2858 2919
2859 2930
2860 3006
2863 3021
2864 2904
2866 3051
2869 3034
2870 2913
2871 3007
2872 2950
2873 3090
2876 3083
2877 2985
2878 2879
2880 2989
2881 3116
2882 3113
2884 3033
2885 3010
2887 3100
2889 2991
2890 3043
2891 3036
2894 2942
2903 3120
2906 2964
2910 3078
2911 2944
2912 2980
2915 2977
2916 2921
2920 3092
2923 2958
2926 3077
2928 3143
2931 2993
2932 3133
2934 3166
2935 3102
2937 3118
2938 3139
2939 2997
2940 3099
2941 3115
2943 3097
2946 3048
2951 3176
2953 3201
2954 3168
2957 3028
2959 3132
2960 3179
2961 3056
2962 2979
2963 3163
2965 3189
2967 3081
2968 3061
2969 3145
2970 3211
2972 3202
2976 3038
2981 3091
2982 3223
2983 3183
2984 3173
2987 3212
2988 3069
2990 3079
2992 3236
2994 3197
2995 3121
2996 2999
3001 3207
3002 3243
3003 3066
3005 3194
3011 3058
3013 3080
3014 3178
3015 3248
3016 3206
3017 3254
3019 3177
3022 3084
3024 3219
3029 3162
3031 3167
3035 3103
3039 3057
3040 3229
3041 3200
3044 3266
3045 3117
3046 3192
3050 3261
3052 3279
3053 3302
3054 3230
3055 3220
3059 3217
3060 3278
3063 3298
3064 3232
3070 3233
3071 3314
3072 3255
3073 3203
3074 3304
3075 3289
3076 3239
3082 3137
3085 3283
3086 3247
3087 3324
3088 3303
3089 3250
3093 3112
3094 3242
3095 3104
3096 3130
3098 3224
3101 3346
3105 3244
3106 3209
3107 3297
3108 3264
3109 3214
3110 3187
3111 3317
3114 3225
3119 3318
3122 3249
3123 3161
3124 3234
3125 3231
3126 3263
3127 3357
3128 3240
3129 3251
3131 3290
3134 3295
3135 3280
3136 3142
3138 3238
3140 3267
3141 3237
3144 3368
3146 3333
3147 3389
3148 3347
3149 3399
3150 3375
3151 3311
3152 3271
3153 3218
3154 3376
3155 3350
3156 3208
3157 3394
3158 3377
3159 3190
3160 3339
3164 3215
3165 3294
3169 3359
3170 3387
3171 3395
3172 3416
3174 3198
3175 3186
3180 3245
3181 3398
3182 3309
3184 3355
3185 3213
3188 3415
3191 3301
3193 3442
3195 3392
3196 3265
3199 3393
3204 3258
3205 3340
3210 3226
3216 3424
3221 3449
3222 3329
3227 3273
3228 3274
3235 3469
3241 3316
3246 3281
3252 3386
3253 3286
3256 3268
3257 3388
3259 3307
3260 3422
3262 3470
3269 3334
3270 3378
3272 3505
3275 3382
3276 3464
3277 3338
3282 3511
3284 3476
3285 3410
3287 3498
3288 3336
3291 3405
3292 3496
3293 3401
3296 3492
3299 3478
3300 3381
3305 3477
3306 3432
3308 3537
3310 3532
3312 3472
3313 3483
3315 3431
3319 3390
3320 3404
3321 3545
3322 3439
3323 3371
3325 3332
3326 3367
3327 3490
3328 3563
3330 3544
3331 3433
3335 3541
3337 3364
3341 3508
3342 3362
3343 3358
3344 3441
3345 3370
3348 3413
3349 3438
3351 3591
3352 3598
3353 3423
3354 3363
3356 3602
3360 3524
3361 3567
3365 3507
3366 3380
3369 3448
3372 3594
3373 3548
3374 3552
3379 3475
3383 3445
3384 3556
3385 3450
3391 3531
3396 3643
3397 3489
3400 3562
3402 3626
3403 3453
3406 3434
3407 3641
3408 3558
3409 3446
3411 3479
3412 3467
3414 3651
3417 3608
3418 3637
3419 3521
3420 3451
3421 3500
3425 3493
3426 3588
3427 3539
3428 3468
3429 3564
3430 3516
3435 3609
3436 3677
3437 3654
3440 3645
3443 3656
3444 3612
3447 3584
3452 3593
3454 3681
3455 3474
3456 3658
3457 3666
3458 3512
3459 3577
3460 3636
3461 3696
3462 3523
3463 3576
3465 3549
3466 3559
3471 3669
3473 3546
3480 3659
3481 3535
3482 3644
3484 3663
3485 3551
3486 3683
3487 3557
3488 3572
3491 3610
3494 3728
3495 3547
3497 3583
3499 3704
3501 3668
3502 3686
3503 3642
3504 3646
3506 3585
3509 3597
3510 3752
3513 3748
3514 3515
3517 3753
3518 3744
3519 3590
3520 3560
3522 3750
3525 3679
3526 3634
3527 3555
3528 3622
3529 3741
3530 3670
3533 3665
3534 3764
3536 3673
3538 3571
3540 3727
3542 3703
3543 3628
3550 3652
3553 3575
3554 3717
3561 3758
3565 3604
3566 3627
3568 3606
3569 3601
3570 3579
3573 3799
3574 3784
3578 3767
3580 3759
3581 3719
3582 3770
3586 3785
3587 3761
3589 3649
3592 3614
3595 3714
3596 3660
3599 3632
3600 3619
3603 3616
3605 3826
3607 3638
3611 3850
3613 3690
3615 3838
3617 3756
3618 3736
3620 3815
3621 3760
3623 3749
3624 3846
3625 3630
3629 3823
3631 3794
3633 3821
3635 3858
3639 3678
3640 3746
3647 3871
3648 3674
3650 3740
3653 3892
3655 3860
3657 3787
3661 3818
3662 3861
3664 3788
3667 3771
3671 3853
3672 3675
3676 3841
3680 3925
3682 3693
3684 3868
3685 3932
3687 3890
3688 3855
3689 3807
3691 3708
3692 3813
3694 3734
3695 3887
3697 3822
3698 3916
3699 3832
3700 3873
3701 3922
3702 3705
3706 3796
3707 3877
3709 3937
3710 3948
3711 3879
3712 3930
3713 3763
3715 3961
3716 3921
3718 3952
3720 3920
3721 3941
3722 3726
3723 3731
3724 3940
3725 3809
3729 3808
3730 3777
3732 3906
3733 3912
3735 3848
3737 3827
3738 3949
3739 3944
3742 3844
3743 3866
3745 3924
3747 3953
3751 3899
3754 3789
3755 3851
3757 3895
3762 3969
3765 3814
3766 3845
3768 3983
3769 3900
3772 3805
3773 3863
3774 3990
3775 3909
3776 3843
3778 3950
3779 3780
3781 3874
3782 3994
3783 3864
3786 3869
3790 3878
3791 3891
3792 3837
3793 3976
3795 3962
3797 3957
3798 3802
3800 3840
3801 3876
3803 3960
3804 3945
3806 3830
3810 3989
3811 3824
3812 3898
3816 3995
3817 3972
3819 3979
3820 3913
3825 3885
3828 3996
3829 3933
3831 3833
3834 3910
3835 3880
3836 3847
3839 3882
3842 3859
3849 3985
3852 3896
3854 3977
3856 3893
3857 3975
3862 3897
3865 3884
3867 3987
3870 3894
3872 3886
3875 3964
3881 3917
3883 3904
3888 3903
3889 3965
3901 3997
3902 3918
3905 3959
3907 3991
3908 3988
3911 3955
3914 3951
3915 3946
3919 3939
3923 3956
3926 3936
3927 3982
3928 3943
3929 3931
3934 3998
3935 3942
3938 3993
3947 3999
3954 3958
3963 3973
3966 3967
3968 3970
3971 3980
3974 3992
3978 3981
3984 3986
