1500
0 169
1 130
2 183
3 87
4 150
5 82
6 155
7 26
8 38
9 184
10 186
11 67
12 116
13 153
14 149
15 59
16 51
17 97
18 124
19 165
20 161
21 162
22 60
23 122
24 33
25 50
27 68
28 125
29 104
30 123
31 189
32 205
34 41
35 113
36 73
37 212
39 201
40 119
42 192
43 102
44 110
45 144
46 100
47 187
48 181
49 206
52 152
53 154
54 85
55 145
56 218
57 173
58 146
61 78
62 84
63 233
64 245
65 226
66 228
69 118
70 134
71 83
72 105
74 195
75 81
76 261
77 219
79 179
80 98
86 238
88 229
89 109
90 114
91 95
92 111
93 151
94 278
96 277
99 199
101 126
103 239
106 265
107 177
108 204
112 158
115 198
117 274
120 301
121 241
127 202
128 237
129 138
131 210
132 299
133 306
135 267
136 266
137 182
139 271
140 287
141 297
142 188
143 289
147 203
148 305
156 330
157 227
159 232
160 208
163 295
164 280
166 334
167 196
168 260
170 300
171 340
172 332
174 344
175 307
176 281
178 302
180 216
185 272
190 317
191 337
193 379
194 357
197 285
200 383
207 324
209 264
211 294
213 377
214 269
215 350
217 286
220 276
221 335
222 255
223 316
224 282
225 348
230 385
231 319
234 369
235 310
236 248
240 426
242 384
243 258
244 296
246 419
247 308
249 418
250 370
251 325
252 408
253 422
254 341
256 366
257 441
259 398
262 349
263 314
268 431
270 388
273 363
275 352
279 309
283 358
284 393
288 451
290 336
291 367
292 326
293 381
298 468
303 415
304 329
311 410
312 375
313 474
315 486
318 343
320 421
321 500
322 438
323 401
327 491
328 512
331 471
333 406
338 430
339 353
342 402
345 423
346 476
347 485
351 450
354 416
355 497
356 528
359 533
360 467
361 504
362 391
364 413
365 534
368 538
371 405
372 511
373 551
374 547
376 489
378 464
380 524
382 532
386 546
387 482
389 473
390 436
392 481
394 462
395 561
396 454
397 556
399 543
400 576
403 458
404 448
407 523
409 516
411 560
412 542
414 569
417 463
420 604
424 499
425 541
427 594
428 591
429 452
432 606
433 493
434 502
435 518
437 616
439 508
440 565
442 549
443 505
444 605
445 475
446 582
447 539
449 514
453 636
455 587
456 638
457 557
459 608
460 570
461 611
465 540
466 595
469 484
470 655
472 642
477 574
478 618
479 630
480 580
483 585
487 623
488 496
490 622
492 625
494 596
495 530
498 678
501 568
503 506
507 644
509 566
510 615
513 552
515 563
517 633
519 603
520 550
521 702
522 656
525 693
526 545
527 657
529 716
531 675
535 687
536 660
537 588
544 572
548 688
553 578
554 704
555 651
558 612
559 699
562 567
564 676
571 637
573 590
575 700
577 729
579 593
581 686
583 744
584 614
586 718
589 709
592 634
597 617
598 750
599 640
600 720
601 721
602 731
607 778
609 753
610 641
613 674
619 726
620 742
621 658
624 799
626 695
627 714
628 629
631 692
632 690
635 784
639 715
643 798
645 705
646 664
647 737
648 659
649 743
650 794
652 769
653 796
654 777
661 827
662 822
663 850
665 797
666 783
667 846
668 800
669 833
670 817
671 858
672 809
673 739
677 835
679 808
680 805
681 727
682 763
683 733
684 843
685 752
689 732
691 725
694 821
696 876
697 854
698 859
701 804
703 758
706 826
707 844
708 807
710 765
711 866
712 788
713 842
717 748
719 887
722 909
723 871
724 852
728 845
730 779
734 857
735 897
736 841
738 828
740 856
741 801
745 860
746 877
747 916
749 774
751 781
754 910
755 824
756 888
757 832
759 927
760 761
762 948
764 934
766 903
767 793
768 862
770 806
771 812
772 880
773 814
775 961
776 931
780 795
782 949
785 839
786 958
787 924
789 825
790 898
791 922
792 830
802 988
803 971
810 951
811 941
813 900
815 851
816 891
818 940
819 879
820 930
823 963
829 959
831 928
834 984
836 939
837 995
838 965
840 950
847 1006
848 1032
849 905
853 1036
855 947
861 904
863 864
865 966
867 925
868 1053
869 873
870 1015
872 874
875 1031
878 1060
881 923
882 1012
883 957
884 1028
885 893
886 894
889 1067
890 933
892 998
895 1082
896 996
899 1041
901 1016
902 972
906 1008
907 1088
908 997
911 1051
912 1040
913 1019
914 1002
915 1083
917 1072
918 1024
919 1049
920 1103
921 1055
926 1023
929 946
932 981
935 1039
936 1075
937 991
938 1077
942 969
943 1099
944 976
945 1104
952 1070
953 1013
954 1119
955 1011
956 1054
960 1122
962 986
964 968
967 1146
970 1063
973 1058
974 1038
975 992
977 1116
978 1138
979 1109
980 1003
982 1052
983 1064
985 1148
987 1170
989 1069
990 1124
993 1080
994 1142
999 1043
1000 1159
1001 1188
1004 1073
1005 1030
1007 1113
1009 1026
1010 1085
1014 1123
1017 1097
1018 1192
1020 1084
1021 1118
1022 1203
1025 1140
1027 1059
1029 1193
1033 1187
1034 1102
1035 1044
1037 1042
1045 1096
1046 1145
1047 1108
1048 1231
1050 1215
1056 1074
1057 1081
1061 1106
1062 1071
1065 1226
1066 1237
1068 1136
1076 1167
1078 1202
1079 1265
1086 1198
1087 1129
1089 1090
1091 1133
1092 1144
1093 1105
1094 1205
1095 1098
1100 1111
1101 1200
1107 1268
1110 1277
1112 1290
1114 1298
1115 1234
1117 1210
1120 1178
1121 1147
1125 1149
1126 1164
1127 1303
1128 1177
1130 1169
1131 1276
1132 1257
1134 1235
1135 1295
1137 1216
1139 1182
1141 1150
1143 1206
1151 1241
1152 1252
1153 1165
1154 1282
1155 1249
1156 1315
1157 1308
1158 1238
1160 1280
1161 1258
1162 1183
1163 1201
1166 1218
1168 1313
1171 1250
1172 1296
1173 1184
1174 1186
1175 1236
1176 1213
1179 1354
1180 1305
1181 1310
1185 1347
1189 1302
1190 1368
1191 1311
1194 1341
1195 1331
1196 1317
1197 1366
1199 1361
1204 1349
1207 1247
1208 1378
1209 1279
1211 1324
1212 1221
1214 1289
1217 1375
1219 1367
1220 1270
1222 1391
1223 1285
1224 1281
1225 1309
1227 1408
1228 1401
1229 1358
1230 1390
1232 1239
1233 1283
1240 1386
1242 1414
1243 1374
1244 1398
1245 1377
1246 1363
1248 1418
1251 1379
1253 1381
1254 1329
1255 1421
1256 1411
1259 1319
1260 1271
1261 1441
1262 1312
1263 1382
1264 1364
1266 1446
1267 1429
1269 1395
1272 1403
1273 1410
1274 1369
1275 1359
1278 1440
1284 1454
1286 1327
1287 1432
1288 1400
1291 1472
1292 1449
1293 1299
1294 1447
1297 1481
1300 1332
1301 1409
1304 1479
1306 1444
1307 1434
1314 1496
1316 1435
1318 1340
1320 1387
1321 1397
1322 1351
1323 1494
1325 1433
1326 1412
1328 1501
1330 1357
1333 1483
1334 1504
1335 1417
1336 1425
1337 1465
1338 1482
1339 1523
1342 1422
1343 1373
1344 1500
1345 1362
1346 1533
1348 1510
1350 1466
1352 1456
1353 1445
1355 1539
1356 1419
1360 1388
1365 1532
1370 1529
1371 1467
1372 1559
1376 1553
1380 1383
1384 1530
1385 1406
1389 1394
1392 1423
1393 1493
1396 1560
1399 1498
1402 1544
1404 1424
1405 1492
1407 1524
1413 1476
1415 1556
1416 1439
1420 1525
1426 1520
1427 1469
1428 1508
1430 1531
1431 1474
1436 1546
1437 1511
1438 1526
1442 1570
1443 1550
1448 1528
1450 1600
1451 1626
1452 1541
1453 1564
1455 1597
1457 1535
1458 1576
1459 1637
1460 1477
1461 1497
1462 1609
1463 1557
1464 1638
1468 1548
1470 1571
1471 1619
1473 1495
1475 1491
1478 1568
1480 1537
1484 1641
1485 1578
1486 1648
1487 1565
1488 1659
1489 1671
1490 1601
1499 1655
1502 1572
1503 1579
1505 1538
1506 1661
1507 1618
1509 1551
1512 1614
1513 1622
1514 1582
1515 1679
1516 1676
1517 1703
1518 1543
1519 1698
1521 1650
1522 1668
1527 1707
1534 1636
1536 1593
1540 1696
1542 1658
1545 1608
1547 1669
1549 1624
1552 1563
1554 1558
1555 1649
1561 1715
1562 1639
1566 1684
1567 1721
1569 1755
1573 1704
1574 1706
1575 1701
1577 1587
1580 1739
1581 1602
1583 1613
1584 1710
1585 1694
1586 1766
1588 1699
1589 1631
1590 1731
1591 1643
1592 1752
1594 1692
1595 1771
1596 1653
1598 1768
1599 1729
1603 1646
1604 1617
1605 1719
1606 1749
1607 1728
1610 1793
1611 1757
1612 1657
1615 1645
1616 1733
1620 1774
1621 1805
1623 1804
1625 1674
1627 1724
1628 1790
1629 1761
1630 1736
1632 1812
1633 1681
1634 1808
1635 1806
1640 1691
1642 1756
1644 1762
1647 1763
1651 1787
1652 1810
1654 1741
1656 1685
1660 1737
1662 1841
1663 1850
1664 1843
1665 1784
1666 1727
1667 1723
1670 1735
1672 1773
1673 1748
1675 1854
1677 1813
1678 1780
1680 1786
1682 1785
1683 1734
1686 1791
1687 1825
1688 1794
1689 1871
1690 1742
1693 1829
1695 1851
1697 1878
1700 1796
1702 1765
1705 1738
1708 1887
1709 1875
1711 1743
1712 1833
1713 1799
1714 1853
1716 1789
1717 1849
1718 1753
1720 1837
1722 1906
1725 1770
1726 1745
1730 1828
1732 1885
1740 1842
1744 1890
1746 1877
1747 1788
1750 1798
1751 1911
1754 1834
1758 1835
1759 1937
1760 1895
1764 1832
1767 1931
1769 1934
1772 1862
1775 1855
1776 1905
1777 1876
1778 1863
1779 1821
1781 1928
1782 1880
1783 1947
1792 1881
1795 1903
1797 1879
1800 1801
1802 1857
1803 1945
1807 1865
1809 1912
1811 1998
1814 1923
1815 1958
1816 1824
1817 1925
1818 1939
1819 1951
1820 1840
1822 1847
1823 1974
1826 1864
1827 1977
1830 1897
1831 1956
1836 1873
1838 2004
1839 1941
1844 2002
1845 1938
1846 1987
1848 1866
1852 2038
1856 1883
1858 2021
1859 1983
1860 1981
1861 1898
1867 1976
1868 1963
1869 1874
1870 1896
1872 1979
1882 1936
1884 1955
1886 1935
1888 1946
1889 2068
1891 1916
1892 2079
1893 2014
1894 2006
1899 1933
1900 1952
1901 1924
1902 1908
1904 2025
1907 2037
1909 1964
1910 1929
1913 1996
1914 2056
1915 2102
1917 1995
1918 2032
1919 2058
1920 2035
1921 2106
1922 1970
1926 2089
1927 2023
1930 2115
1932 1948
1940 1980
1942 1944
1943 1982
1949 2130
1950 2022
1953 2013
1954 2081
1957 2009
1959 2136
1960 2139
1961 2047
1962 2062
1965 2059
1966 2005
1967 2132
1968 2096
1969 2069
1971 2070
1972 2095
1973 2146
1975 2161
1978 2050
1984 1992
1985 2092
1986 2168
1988 2127
1989 2119
1990 2015
1991 2034
1993 1997
1994 2043
1999 2084
2000 2088
2001 2064
2003 2029
2007 2117
2008 2178
2010 2121
2011 2162
2012 2057
2016 2054
2017 2094
2018 2192
2019 2073
2020 2131
2024 2104
2026 2075
2027 2049
2028 2065
2030 2172
2031 2160
2033 2039
2036 2201
2040 2109
2041 2141
2042 2191
2044 2167
2045 2210
2046 2213
2048 2202
2051 2072
2052 2140
2053 2163
2055 2137
2060 2149
2061 2113
2063 2066
2067 2112
2071 2193
2074 2123
2076 2100
2077 2258
2078 2083
2080 2257
2082 2212
2085 2188
2086 2241
2087 2183
2090 2229
2091 2135
2093 2211
2097 2122
2098 2184
2099 2250
2101 2284
2103 2116
2105 2254
2107 2189
2108 2240
2110 2239
2111 2200
2114 2199
2118 2133
2120 2207
2124 2179
2125 2307
2126 2277
2128 2148
2129 2291
2134 2245
2138 2319
2142 2143
2144 2274
2145 2150
2147 2333
2151 2234
2152 2228
2153 2236
2154 2295
2155 2323
2156 2272
2157 2334
2158 2288
2159 2320
2164 2177
2165 2252
2166 2267
2169 2217
2170 2255
2171 2243
2173 2224
2174 2253
2175 2265
2176 2195
2180 2301
2181 2298
2182 2312
2185 2304
2186 2336
2187 2318
2190 2214
2194 2263
2196 2328
2197 2269
2198 2373
2203 2325
2204 2249
2205 2350
2206 2343
2208 2262
2209 2310
2215 2278
2216 2386
2218 2330
2219 2305
2220 2346
2221 2287
2222 2408
2223 2393
2225 2354
2226 2322
2227 2317
2230 2391
2231 2280
2232 2259
2233 2345
2235 2248
2237 2283
2238 2389
2242 2276
2244 2285
2246 2392
2247 2266
2251 2294
2256 2403
2260 2369
2261 2344
2264 2400
2268 2437
2270 2440
2271 2421
2273 2327
2275 2365
2279 2415
2281 2359
2282 2464
2286 2460
2289 2329
2290 2387
2292 2435
2293 2413
2296 2433
2297 2383
2299 2444
2300 2321
2302 2356
2303 2418
2306 2394
2308 2468
2309 2488
2311 2428
2313 2436
2314 2498
2315 2404
2316 2420
2324 2479
2326 2349
2331 2496
2332 2361
2335 2348
2337 2431
2338 2445
2339 2429
2340 2507
2341 2527
2342 2390
2347 2425
2351 2447
2352 2376
2353 2398
2355 2477
2357 2368
2358 2497
2360 2363
2362 2463
2364 2509
2366 2474
2367 2508
2370 2422
2371 2529
2372 2480
2374 2473
2375 2454
2377 2544
2378 2471
2379 2396
2380 2397
2381 2487
2382 2514
2384 2478
2385 2513
2388 2555
2395 2462
2399 2557
2401 2521
2402 2519
2405 2458
2406 2558
2407 2576
2409 2523
2410 2500
2411 2559
2412 2441
2414 2551
2416 2455
2417 2540
2419 2574
2423 2579
2424 2541
2426 2599
2427 2466
2430 2613
2432 2589
2434 2533
2438 2490
2439 2548
2442 2604
2443 2506
2446 2525
2448 2600
2449 2631
2450 2619
2451 2550
2452 2638
2453 2515
2456 2593
2457 2552
2459 2626
2461 2522
2465 2628
2467 2586
2469 2607
2470 2639
2472 2567
2475 2575
2476 2524
2481 2663
2482 2652
2483 2570
2484 2492
2485 2637
2486 2571
2489 2647
2491 2546
2493 2678
2494 2518
2495 2587
2499 2561
2501 2642
2502 2657
2503 2662
2504 2590
2505 2517
2510 2605
2511 2545
2512 2689
2516 2610
2520 2668
2526 2585
2528 2672
2530 2705
2531 2633
2532 2661
2534 2677
2535 2675
2536 2665
2537 2712
2538 2553
2539 2666
2542 2664
2543 2729
2547 2690
2549 2671
2554 2645
2556 2564
2560 2598
2562 2641
2563 2717
2565 2649
2566 2609
2568 2615
2569 2714
2572 2735
2573 2630
2577 2703
2578 2651
2580 2692
2581 2762
2582 2734
2583 2724
2584 2635
2588 2752
2591 2621
2592 2687
2594 2681
2595 2596
2597 2606
2601 2732
2602 2688
2603 2758
2608 2624
2611 2700
2612 2740
2614 2737
2616 2725
2617 2691
2618 2793
2620 2674
2622 2803
2623 2790
2625 2728
2627 2669
2629 2709
2632 2751
2634 2719
2636 2812
2640 2697
2643 2820
2644 2826
2646 2723
2648 2727
2650 2825
2653 2685
2654 2808
2655 2753
2656 2814
2658 2799
2659 2823
2660 2817
2667 2843
2670 2739
2673 2721
2676 2852
2679 2849
2680 2819
2682 2716
2683 2842
2684 2748
2686 2763
2693 2840
2694 2829
2695 2876
2696 2718
2698 2744
2699 2742
2701 2888
2702 2774
2704 2750
2706 2805
2707 2745
2708 2889
2710 2722
2711 2853
2713 2838
2715 2749
2720 2743
2726 2781
2730 2795
2731 2815
2733 2859
2736 2880
2738 2915
2741 2860
2746 2921
2747 2881
2754 2874
2755 2789
2756 2845
2757 2930
2759 2794
2760 2946
2761 2832
2764 2871
2765 2804
2766 2798
2767 2872
2768 2824
2769 2857
2770 2957
2771 2776
2772 2878
2773 2863
2775 2810
2777 2940
2778 2822
2779 2807
2780 2903
2782 2962
2783 2869
2784 2828
2785 2861
2786 2884
2787 2875
2788 2813
2791 2818
2792 2911
2796 2914
2797 2982
2800 2937
2801 2854
2802 2989
2806 2974
2809 2956
2811 2867
2816 2891
2821 2836
2827 2901
2830 2947
2831 2973
2833 2983
2834 2945
2835 2996
2837 2858
2839 2890
2841 2984
2844 2992
2846 2968
2847 2950
2848 2919
2850 2855
2851 2969
2856 2966
2862 2952
2864 2920
2865 2925
2866 2879
2868 2887
2870 2928
2873 2932
2877 2999
2882 2905
2883 2979
2885 2981
2886 2949
2892 2954
2893 2965
2894 2897
2895 2931
2896 2995
2898 2902
2899 2972
2900 2927
2904 2951
2906 2948
2907 2958
2908 2977
2909 2913
2910 2976
2912 2935
2916 2953
2917 2926
2918 2994
2922 2924
2923 2993
2929 2961
2933 2959
2934 2975
2936 2997
2938 2955
2939 2978
2941 2942
2943 2963
2944 2960
2964 2991
2967 2998
2970 2987
2971 2988
2980 2986
2985 2990
