7500
0 571
1 491
2 509
3 383
4 285
5 198
6 50
7 931
8 452
9 663
10 108
11 433
12 305
13 837
14 125
15 894
16 48
17 109
18 831
19 113
20 204
21 558
22 566
23 415
24 244
25 301
26 684
27 409
28 609
29 149
30 66
31 51
32 80
33 583
34 516
35 317
36 530
37 215
38 755
39 599
40 512
41 134
42 683
43 319
44 657
45 310
46 460
47 590
49 932
52 370
53 967
54 377
55 233
56 601
57 628
58 190
59 139
60 718
61 904
62 810
63 952
64 367
65 578
67 177
68 239
69 276
70 93
71 438
72 397
73 277
74 300
75 359
76 896
77 195
78 484
79 137
81 309
82 294
83 828
84 112
85 875
86 224
87 162
88 994
89 614
90 600
91 868
92 778
94 561
95 227
96 141
97 610
98 328
99 426
100 829
101 194
102 450
103 1005
104 925
105 369
106 948
107 151
110 235
111 1047
114 653
115 699
116 622
117 568
118 1044
119 211
120 1056
121 734
122 594
123 258
124 473
126 286
127 254
128 148
129 917
130 666
131 650
132 225
133 1014
135 845
136 1043
138 453
140 694
142 442
143 503
144 678
145 242
146 787
147 813
150 197
152 960
153 471
154 707
155 710
156 249
157 776
158 432
159 261
160 1015
161 668
163 664
164 956
165 313
166 905
167 483
168 923
169 687
170 670
171 792
172 752
173 947
174 748
175 1085
176 704
178 768
179 1017
180 675
181 968
182 711
183 311
184 557
185 574
186 356
187 649
188 950
189 291
191 851
192 681
193 1028
196 522
199 414
200 454
201 406
202 1048
203 850
205 1091
206 560
207 705
208 632
209 773
210 474
212 983
213 786
214 1125
216 672
217 701
218 468
219 338
220 805
221 559
222 312
223 350
226 597
228 714
229 396
230 490
231 375
232 615
234 821
236 585
237 462
238 464
240 589
241 662
243 420
245 604
246 1157
247 729
248 800
250 638
251 727
252 1133
253 1121
255 806
256 1071
257 754
259 458
260 505
262 288
263 289
264 322
265 314
266 1109
267 480
268 296
269 1186
270 447
271 771
272 498
273 637
274 1123
275 724
278 1061
279 336
280 1143
281 302
282 856
283 411
284 1194
287 692
290 1211
292 422
293 761
295 865
297 569
298 981
299 337
303 1006
304 827
306 1142
307 520
308 963
315 861
316 427
318 608
320 1148
321 552
323 567
324 782
325 742
326 1191
327 720
329 551
330 430
331 777
332 521
333 962
334 1228
335 363
339 497
340 563
341 964
342 942
343 528
344 848
345 536
346 504
347 439
348 854
349 987
351 1233
352 790
353 1116
354 1288
355 1261
357 1129
358 783
360 465
361 533
362 1232
364 645
365 1075
366 488
368 1088
371 1124
372 1299
373 1256
374 743
376 513
378 445
379 598
380 930
381 685
382 1196
384 1302
385 556
386 1022
387 1137
388 1282
389 660
390 607
391 537
392 1120
393 642
394 665
395 852
398 1101
399 1250
400 1162
401 1272
402 1210
403 1295
404 688
405 1195
407 1122
408 1000
410 879
412 1141
413 935
416 1215
417 1260
418 900
419 1093
421 1132
423 695
424 1087
425 576
428 1268
429 971
431 449
434 863
435 1046
436 757
437 626
440 562
441 634
443 1298
444 1235
446 913
448 1217
451 542
455 903
456 801
457 1068
459 749
461 1007
463 1262
466 640
467 1001
469 738
470 1169
472 1364
475 902
476 532
477 1349
478 1331
479 784
481 709
482 938
485 867
486 1326
487 549
489 1340
492 1408
493 874
494 864
495 1241
496 914
499 1426
500 1018
501 876
502 1361
506 1376
507 1404
508 825
510 1231
511 706
514 1030
515 1439
517 1350
518 1381
519 975
523 1032
524 624
525 1281
526 1212
527 1163
529 735
531 1468
534 1008
535 1432
538 762
539 1447
540 1386
541 717
543 1240
544 1339
545 889
546 1213
547 808
548 907
550 1328
553 1229
554 1165
555 1247
564 794
565 1027
570 1181
572 1204
573 1079
575 700
577 1496
579 659
580 871
581 1348
582 1139
584 1224
586 1495
587 696
588 661
591 849
592 1469
593 1437
595 1102
596 1265
602 1523
603 1166
605 816
606 1490
611 811
612 741
613 1054
616 673
617 995
618 1416
619 1498
620 1394
621 1308
623 1486
625 1290
627 933
629 1126
630 1540
631 982
633 943
635 812
636 1198
639 1267
641 1150
643 1378
644 1579
646 1545
647 677
648 1053
651 767
652 1249
654 789
655 798
656 1484
658 1239
667 1511
669 959
671 1108
674 1358
676 886
679 747
680 1391
682 1597
686 1600
689 725
690 1431
691 1419
693 1252
697 1021
698 826
702 1127
703 911
708 842
712 1307
713 1630
715 1342
716 881
719 1320
721 1628
722 834
723 1245
726 1479
728 1417
730 1430
731 1365
732 1488
733 880
736 976
737 1297
739 780
740 1370
744 1561
745 809
746 820
750 1657
751 803
753 1322
756 1546
758 1024
759 1180
760 1528
763 1280
764 1639
765 1374
766 1144
769 1040
770 1086
772 1354
774 1516
775 1317
779 1303
781 1388
785 1064
788 1314
791 989
793 965
795 949
796 1594
797 843
799 1176
802 1720
804 1685
807 1596
814 1599
815 1065
817 1403
818 859
819 972
822 1173
823 1673
824 1413
830 1636
832 1377
833 1359
835 1380
836 1414
838 1012
839 1011
840 1572
841 891
844 1324
846 1677
847 1649
853 1409
855 1246
857 1207
858 1766
860 885
862 1347
866 1026
869 1096
870 1794
872 1395
873 1756
877 916
878 1208
882 1253
883 1656
884 1341
887 1118
888 1060
890 1800
892 1718
893 1548
895 1248
897 1372
898 1062
899 1785
901 1183
906 1473
908 1741
909 1614
910 1765
912 1612
915 1719
918 991
919 1493
920 1013
921 1820
922 1402
924 988
926 1623
927 1392
928 1107
929 1158
934 961
936 1823
937 1862
939 1459
940 1839
941 1735
944 1691
945 1733
946 1586
951 1583
953 1541
954 1518
955 1039
957 1638
958 1069
966 1443
969 1831
970 1737
973 1801
974 1833
977 1433
978 1830
979 1526
980 1418
984 1852
985 1113
986 1819
990 1788
992 1475
993 1633
996 1669
997 1502
998 1466
999 1171
1002 1019
1003 1563
1004 1287
1009 1159
1010 1810
1016 1294
1020 1425
1023 1515
1025 1891
1029 1676
1031 1082
1033 1452
1034 1035
1036 1762
1037 1945
1038 1312
1041 1705
1042 1461
1045 1609
1049 1796
1050 1562
1051 1918
1052 1640
1055 1805
1057 1807
1058 1420
1059 1783
1063 1829
1066 1554
1067 2004
1070 1808
1072 1353
1073 1168
1074 1729
1076 1243
1077 1849
1078 1968
1080 1703
1081 1155
1083 1467
1084 1712
1089 1710
1090 1744
1092 1209
1094 1589
1095 1949
1097 1525
1098 1893
1099 1323
1100 1407
1103 1993
1104 1238
1105 1872
1106 1773
1110 2033
1111 1982
1112 1352
1114 1902
1115 1591
1117 1880
1119 1368
1128 1457
1130 1585
1131 1494
1134 1160
1135 1935
1136 1606
1138 1474
1140 1500
1145 1688
1146 1410
1147 2031
1149 1406
1151 1620
1152 1587
1153 1743
1154 2078
1156 1565
1161 1449
1164 1258
1167 1655
1170 1438
1172 2097
1174 1286
1175 1615
1177 1567
1178 1362
1179 1529
1182 1291
1184 2101
1185 1698
1187 1865
1188 1293
1189 2003
1190 1759
1192 1564
1193 2002
1197 1723
1199 2001
1200 1513
1201 1332
1202 1758
1203 1573
1205 2098
1206 1279
1214 1325
1216 1387
1218 1941
1219 1793
1220 2009
1221 1853
1222 1489
1223 1836
1225 1621
1226 1595
1227 1269
1230 1999
1234 1560
1236 1499
1237 1278
1242 1959
1244 1761
1251 1753
1254 1907
1255 1519
1257 1748
1259 1607
1263 1749
1264 1385
1266 1915
1270 2008
1271 1802
1273 1881
1274 1679
1275 1955
1276 2106
1277 1424
1283 1850
1284 1835
1285 1569
1289 2206
1292 1682
1296 1337
1300 1641
1301 1421
1304 1442
1305 2074
1306 1644
1309 1926
1310 1436
1311 2025
1313 1626
1315 2144
1316 1906
1318 1375
1319 2216
1321 2070
1327 1904
1329 2016
1330 1664
1333 1505
1334 1953
1335 1868
1336 1954
1338 2210
1343 2058
1344 1900
1345 1393
1346 2254
1351 1557
1355 1776
1356 2277
1357 2205
1360 2196
1363 1701
1366 2167
1367 1885
1369 1874
1371 1944
1373 1458
1379 2013
1382 1695
1383 1740
1384 2048
1389 1875
1390 2090
1396 1877
1397 2029
1398 2290
1399 1552
1400 2021
1401 1772
1405 1780
1411 2014
1412 1809
1415 2178
1422 2208
1423 2274
1427 2173
1428 2187
1429 1832
1434 2342
1435 1658
1440 1454
1441 1559
1444 1951
1445 2294
1446 1462
1448 2245
1450 1858
1451 2365
1453 1578
1455 1654
1456 1932
1460 2039
1463 1631
1464 1795
1465 2145
1470 1537
1471 2372
1472 2322
1476 1482
1477 2148
1478 2169
1480 2354
1481 1884
1483 2399
1485 2115
1487 2159
1491 2184
1492 2096
1497 2405
1501 2061
1503 2207
1504 1859
1506 1769
1507 1927
1508 2108
1509 1697
1510 2197
1512 1568
1514 2375
1517 2154
1520 1908
1521 2243
1522 2042
1524 1608
1527 1692
1530 2392
1531 2443
1532 1864
1533 2022
1534 1667
1535 2195
1536 2330
1538 2076
1539 1986
1542 2306
1543 1856
1544 2348
1547 2095
1549 2466
1550 2467
1551 1914
1553 1602
1555 1577
1556 1931
1558 2224
1566 1905
1570 1916
1571 2350
1574 2307
1575 2302
1576 2040
1580 2235
1581 2126
1582 2015
1584 2035
1588 2431
1590 2236
1592 1930
1593 1700
1598 2114
1601 1804
1603 2211
1604 1678
1605 2345
1610 2425
1611 2523
1613 2403
1616 1707
1617 1734
1618 1985
1619 2343
1622 1826
1624 1653
1625 2034
1627 2065
1629 2309
1632 2430
1634 1867
1635 2432
1637 1645
1642 1828
1643 1797
1646 2228
1647 2575
1648 2416
1650 1997
1651 2424
1652 2293
1659 1821
1660 2319
1661 1994
1662 2450
1663 1912
1665 2353
1666 2386
1668 2401
1670 2127
1671 1899
1672 2490
1674 2592
1675 2253
1680 2247
1681 2379
1683 1844
1684 1699
1686 2393
1687 2362
1689 2566
1690 2496
1693 2534
1694 1815
1696 2412
1702 2568
1704 2380
1706 2616
1708 2610
1709 2244
1711 2608
1713 2152
1714 2000
1715 2355
1716 2474
1717 2028
1721 1760
1722 2349
1724 1920
1725 2491
1726 2471
1727 2251
1728 1898
1730 1888
1731 2506
1732 2499
1736 2051
1738 2189
1739 1925
1742 2337
1745 2502
1746 2497
1747 2056
1750 2209
1751 2512
1752 2299
1754 2284
1755 2200
1757 2691
1763 2628
1764 2233
1767 1967
1768 2485
1770 2513
1771 2508
1774 2131
1775 2079
1777 2287
1778 2493
1779 2552
1781 2304
1782 1817
1784 2281
1786 2153
1787 2542
1789 2606
1790 1973
1791 2217
1792 1871
1798 1866
1799 2356
1803 2083
1806 2500
1811 2285
1812 2661
1813 2598
1814 2272
1816 2441
1818 1948
1822 2477
1824 2404
1825 2026
1827 2704
1834 2696
1837 2549
1838 2265
1840 2685
1841 1956
1842 2654
1843 2326
1845 2680
1846 2710
1847 2522
1848 2156
1851 2674
1854 1977
1855 2611
1857 1923
1860 2591
1861 2286
1863 2773
1869 2165
1870 2180
1873 2801
1876 2785
1878 2445
1879 2389
1882 2537
1883 2324
1886 2660
1887 2437
1889 2422
1890 2816
1892 2311
1894 2823
1895 2116
1896 2146
1897 1937
1901 2369
1903 2449
1909 2832
1910 2383
1911 1961
1913 2427
1917 2558
1919 2803
1921 2772
1922 2830
1924 2053
1928 2776
1929 2706
1933 2564
1934 2762
1936 2177
1938 2742
1939 1943
1940 2261
1942 2100
1946 2526
1947 2300
1950 2186
1952 1980
1957 2751
1958 2402
1960 2222
1962 2370
1963 2807
1964 2788
1965 2007
1966 2260
1969 2692
1970 2758
1971 2573
1972 2046
1974 2266
1975 2889
1976 2150
1978 2586
1979 2301
1981 2621
1983 2368
1984 2577
1987 2091
1988 2720
1989 2855
1990 2869
1991 2312
1992 2848
1995 2673
1996 2754
1998 2072
2005 2376
2006 2561
2010 2030
2011 2084
2012 2590
2017 2560
2018 2134
2019 2280
2020 2227
2023 2873
2024 2121
2027 2545
2032 2750
2036 2112
2037 2045
2038 2665
2041 2435
2043 2962
2044 2444
2047 2594
2049 2679
2050 2699
2052 2464
2054 2155
2055 2085
2057 2089
2059 2973
2060 2532
2062 2199
2063 2231
2064 2828
2066 2821
2067 2757
2068 2461
2069 2827
2071 2325
2073 2955
2075 2866
2077 2533
2080 2459
2081 2398
2082 2897
2086 2453
2087 2890
2088 2655
2092 2910
2093 2478
2094 2721
2099 2923
2102 2885
2103 2748
2104 2967
2105 2924
2107 2136
2109 2289
2110 2814
2111 3045
2113 2971
2117 2170
2118 2933
2119 2605
2120 2410
2122 3050
2123 2551
2124 2612
2125 2683
2128 2492
2129 2204
2130 2681
2132 2385
2133 2438
2135 2374
2137 2949
2138 2250
2139 2652
2140 2391
2141 2749
2142 2259
2143 2428
2147 2400
2149 2525
2151 2884
2157 2456
2158 2604
2160 2818
2161 2315
2162 2716
2163 2292
2164 2638
2166 2409
2168 2841
2171 2930
2172 2740
2174 2418
2175 2893
2176 2571
2179 2395
2181 3089
2182 2382
2183 2475
2185 2390
2188 2977
2190 2863
2191 2997
2192 3124
2193 2770
2194 2846
2198 2501
2201 3088
2202 2516
2203 2323
2212 3004
2213 2793
2214 2833
2215 2927
2218 2639
2219 2240
2220 2364
2221 2335
2223 3150
2225 2262
2226 2759
2229 2768
2230 2305
2232 2658
2234 2352
2237 3174
2238 3156
2239 2913
2241 2663
2242 3161
2246 3168
2248 2974
2249 2906
2252 3021
2255 2777
2256 2878
2257 2686
2258 2783
2263 2407
2264 2690
2267 2476
2268 3204
2269 2880
2270 2454
2271 3103
2273 2642
2275 3015
2276 2563
2278 2384
2279 2408
2282 3109
2283 3214
2288 2764
2291 3169
2295 3047
2296 3209
2297 2747
2298 2870
2303 3075
2308 2875
2310 2865
2313 2480
2314 2982
2316 2671
2317 2964
2318 2932
2320 3116
2321 2934
2327 2755
2328 2946
2329 3211
2331 2939
2332 2891
2333 2358
2334 3130
2336 2976
2338 3079
2339 2894
2340 2498
2341 2524
2344 2578
2346 3059
2347 3140
2351 2603
2357 2481
2359 2804
2360 2887
2361 2442
2363 2693
2366 2815
2367 2928
2371 2992
2373 2895
2377 2624
2378 2687
2381 2565
2387 2531
2388 3285
2394 2468
2396 3143
2397 3030
2406 2963
2411 3297
2413 3148
2414 3270
2415 3094
2417 3121
2419 3071
2420 3291
2421 2707
2423 2504
2426 3194
2429 3018
2433 3179
2434 2452
2436 2842
2439 2808
2440 3328
2446 3022
2447 3229
2448 2583
2451 3057
2455 2805
2457 2991
2458 3145
2460 3173
2462 3218
2463 2892
2465 2472
2469 2688
2470 3068
2473 2745
2479 3010
2482 2570
2483 3394
2484 2834
2486 2978
2487 3319
2488 2753
2489 3167
2494 2722
2495 3295
2503 2746
2505 3228
2507 3044
2509 3421
2510 3027
2511 2854
2514 3437
2515 2730
2517 3453
2518 2633
2519 3438
2520 3160
2521 3037
2527 3461
2528 3374
2529 3257
2530 2860
2535 3259
2536 3193
2538 2622
2539 3195
2540 3186
2541 3417
2543 3448
2544 3165
2546 3472
2547 2965
2548 2684
2550 2756
2553 3306
2554 3055
2555 3318
2556 2653
2557 2839
2559 3008
2562 3248
2567 2959
2569 2650
2572 3272
2574 3036
2576 3372
2579 2919
2580 3282
2581 2859
2582 3329
2584 3271
2585 2737
2587 3321
2588 3341
2589 3415
2593 3154
2595 3525
2596 2883
2597 3227
2599 3105
2600 2968
2601 2825
2602 3355
2607 2623
2609 3210
2613 3025
2614 2766
2615 2617
2618 3084
2619 3419
2620 2782
2625 3182
2626 3344
2627 3255
2629 2940
2630 3062
2631 3432
2632 3378
2634 2945
2635 3440
2636 3132
2637 3119
2640 3269
2641 3475
2643 3367
2644 2725
2645 3553
2646 3410
2647 3452
2648 2708
2649 2732
2651 3048
2656 3423
2657 3375
2659 3497
2662 2907
2664 2995
2666 2831
2667 3404
2668 3361
2669 3317
2670 2847
2672 3014
2675 3381
2676 3535
2677 3005
2678 3573
2682 3101
2689 2953
2694 3284
2695 2937
2697 2914
2698 3599
2700 3470
2701 3001
2702 3594
2703 3619
2705 3096
2709 3265
2711 3231
2712 3026
2713 3391
2714 2948
2715 3625
2717 3298
2718 3473
2719 3580
2723 3387
2724 3581
2726 2864
2727 3011
2728 3234
2729 3232
2731 3481
2733 3217
2734 3370
2735 3365
2736 3342
2738 3506
2739 3582
2741 3644
2743 3450
2744 2935
2752 3185
2760 3426
2761 3591
2763 2809
2765 3041
2767 3377
2769 2961
2771 3500
2774 2813
2775 3115
2778 2794
2779 3240
2780 3416
2781 2792
2784 3083
2786 3631
2787 2909
2789 3483
2790 3707
2791 3435
2795 3402
2796 3616
2797 3000
2798 3429
2799 3327
2800 3104
2802 3458
2806 3038
2810 3379
2811 3152
2812 3567
2817 3610
2819 3455
2820 3256
2822 3709
2824 3058
2826 3688
2829 3442
2835 3359
2836 3699
2837 3704
2838 3368
2840 3310
2843 3523
2844 2938
2845 3049
2849 3641
2850 3577
2851 3445
2852 3320
2853 3208
2856 3277
2857 3254
2858 2981
2861 3789
2862 2925
2867 3133
2868 3457
2871 3420
2872 3332
2874 3718
2876 3443
2877 3221
2879 3787
2881 3343
2882 3613
2886 3552
2888 3746
2896 3603
2898 3717
2899 3793
2900 3788
2901 3737
2902 2985
2903 3389
2904 3085
2905 3275
2908 3543
2911 3759
2912 3181
2915 3395
2916 3542
2917 3828
2918 3326
2920 3323
2921 3605
2922 3818
2926 3258
2929 3198
2931 3139
2936 3117
2941 3299
2942 2951
2943 3618
2944 3702
2947 3012
2950 3125
2952 3433
2954 3878
2956 3388
2957 3776
2958 3224
2960 3799
2966 3722
2969 3494
2970 3781
2972 3517
2975 3872
2979 3434
2980 3870
2983 3345
2984 3845
2986 3864
2987 3396
2988 3405
2989 3745
2990 3106
2993 3499
2994 3191
2996 3646
2998 3585
2999 3409
3002 3162
3003 3738
3006 3882
3007 3393
3009 3357
3013 3856
3016 3750
3017 3360
3019 3508
3020 3035
3023 3903
3024 3288
3028 3373
3029 3425
3031 3675
3032 3087
3033 3715
3034 3954
3039 3301
3040 3226
3042 3480
3043 3889
3046 3586
3051 3330
3052 3583
3053 3802
3054 3695
3056 3485
3060 3876
3061 3292
3063 3589
3064 3874
3065 3815
3066 3576
3067 3924
3069 3779
3070 3935
3072 3333
3073 3363
3074 3407
3076 3309
3077 3274
3078 3740
3080 3767
3081 3850
3082 3689
3086 3906
3090 3921
3091 3706
3092 3797
3093 3756
3095 3843
3097 3250
3098 3920
3099 3918
3100 3653
3102 3938
3107 3673
3108 3986
3110 3347
3111 3554
3112 3356
3113 3502
3114 3570
3118 4052
3120 3207
3122 3233
3123 3556
3126 3682
3127 3658
3128 4033
3129 3159
3131 3305
3134 3595
3135 3825
3136 3338
3137 3863
3138 3951
3141 3403
3142 4054
3144 3812
3146 3524
3147 3977
3149 3681
3151 3860
3153 3861
3155 3188
3157 3614
3158 3441
3163 3895
3164 3683
3166 3846
3170 3780
3171 3493
3172 3514
3175 3940
3176 3649
3177 3563
3178 3331
3180 3468
3183 3708
3184 3245
3187 3960
3189 3814
3190 3422
3192 3890
3196 3579
3197 3838
3199 3205
3200 3970
3201 3795
3202 3768
3203 4007
3206 4064
3212 3833
3213 3691
3215 4115
3216 3612
3219 3558
3220 3596
3222 4066
3223 3869
3225 3303
3230 3730
3235 3974
3236 3927
3237 3538
3238 3518
3239 4080
3241 4083
3242 3822
3243 3703
3244 3247
3246 3629
3249 3997
3251 3519
3252 4040
3253 3973
3260 4164
3261 3821
3262 3401
3263 3471
3264 4023
3266 3834
3267 4089
3268 3908
3273 4123
3276 3817
3278 3587
3279 4011
3280 3959
3281 3571
3283 4074
3286 3982
3287 3735
3289 4149
3290 4174
3293 3956
3294 3961
3296 4099
3300 4030
3302 3346
3304 3566
3307 3798
3308 3806
3311 4216
3312 3969
3313 3477
3314 3561
3315 4134
3316 3784
3322 3851
3324 3509
3325 4109
3334 3765
3335 4220
3336 3794
3337 4021
3339 4096
3340 3549
3348 3930
3349 3774
3350 3533
3351 4143
3352 3884
3353 3476
3354 4100
3358 4063
3362 3967
3364 3857
3366 4273
3369 4087
3371 3770
3376 3910
3380 3701
3382 3945
3383 4140
3384 3522
3385 4268
3386 4145
3390 4263
3392 4044
3397 4095
3398 3705
3399 3932
3400 4329
3406 4065
3408 4058
3411 4224
3412 4053
3413 4048
3414 4111
3418 4343
3424 4029
3427 4355
3428 4028
3430 4293
3431 4154
3436 4304
3439 4302
3444 3467
3446 4368
3447 3504
3449 3752
3451 4265
3454 3905
3456 4219
3459 4247
3460 4125
3462 3638
3463 3516
3464 3572
3465 4384
3466 4207
3469 4194
3474 3642
3478 3865
3479 4386
3482 3537
3484 3687
3486 4197
3487 3606
3488 3604
3489 3602
3490 3925
3491 3950
3492 4428
3495 4266
3496 3739
3498 3868
3501 3547
3503 4249
3505 4213
3507 4072
3510 3584
3511 4442
3512 4241
3513 4189
3515 4292
3520 3662
3521 3733
3526 3557
3527 3679
3528 4050
3529 3598
3530 3831
3531 3909
3532 3700
3534 4445
3536 3727
3539 3724
3540 3664
3541 3544
3545 4358
3546 4214
3548 4185
3550 4172
3551 4156
3555 4370
3559 4299
3560 4057
3562 4394
3564 4236
3565 4286
3568 4259
3569 3873
3574 4496
3575 3955
3578 3907
3588 3766
3590 3627
3592 4340
3593 4005
3597 4110
3600 4412
3601 3941
3607 3963
3608 3633
3609 3760
3611 3823
3615 4391
3617 4390
3620 3747
3621 4435
3622 3645
3623 4212
3624 4440
3626 3835
3628 4318
3630 4341
3632 4374
3634 4094
3635 3712
3636 4492
3637 4512
3639 4313
3640 4016
3643 4282
3647 3672
3648 4049
3650 4131
3651 4471
3652 4434
3654 4553
3655 4137
3656 4534
3657 3858
3659 4589
3660 4549
3661 4533
3663 4237
3665 4441
3666 4400
3667 4522
3668 4566
3669 4210
3670 3976
3671 4591
3674 3958
3676 3972
3677 4352
3678 3804
3680 4459
3684 4081
3685 4176
3686 4067
3690 4055
3692 3819
3693 4231
3694 4530
3696 4157
3697 4126
3698 4572
3710 4328
3711 4506
3713 3964
3714 3736
3716 3854
3719 4491
3720 4603
3721 4192
3723 3926
3725 3914
3726 3923
3728 4633
3729 3875
3731 4037
3732 4043
3734 4422
3741 4472
3742 4626
3743 4108
3744 4457
3748 4383
3749 4347
3751 3791
3753 4342
3754 3953
3755 4679
3757 4121
3758 4670
3761 4410
3762 4363
3763 4557
3764 4406
3769 3862
3771 3933
3772 4508
3773 4272
3775 4327
3777 4640
3778 4687
3782 4583
3783 4297
3785 4635
3786 3896
3790 4575
3792 4579
3796 3929
3800 4558
3801 4730
3803 4382
3805 4681
3807 4622
3808 4311
3809 4552
3810 4720
3811 4526
3813 4085
3816 4710
3820 4503
3824 4413
3826 4545
3827 4252
3829 4643
3830 4429
3832 4488
3836 4456
3837 4243
3839 4493
3840 4120
3841 4759
3842 4196
3844 4570
3847 3957
3848 4460
3849 4514
3852 4779
3853 4105
3855 4285
3859 4567
3866 4527
3867 4469
3871 4543
3877 4256
3879 4366
3880 4714
3881 4397
3883 4073
3885 4398
3886 3983
3887 4688
3888 4233
3891 4039
3892 4114
3893 4303
3894 4113
3897 4647
3898 4675
3899 4802
3900 4524
3901 4245
3902 4128
3904 4014
3911 4791
3912 3994
3913 4656
3915 4785
3916 4463
3917 4470
3919 4634
3922 3952
3928 4416
3931 4611
3934 4750
3936 4331
3937 4539
3939 4595
3942 4661
3943 4274
3944 4517
3946 4250
3947 4871
3948 4880
3949 4437
3962 4322
3965 4763
3966 4092
3968 4879
3971 4248
3975 4906
3978 4042
3979 4663
3980 4520
3981 4393
3984 4657
3985 4874
3987 4840
3988 4278
3989 4556
3990 4652
3991 4498
3992 4124
3993 4838
3995 4897
3996 4333
3998 4369
3999 4582
4000 4728
4001 4006
4002 4490
4003 4261
4004 4161
4008 4513
4009 4908
4010 4695
4012 4344
4013 4499
4015 4862
4017 4177
4018 4290
4019 4830
4020 4190
4022 4892
4024 4665
4025 4077
4026 4117
4027 4568
4031 4403
4032 4609
4034 4812
4035 4645
4036 4929
4038 4630
4041 4141
4045 4835
4046 4789
4047 4959
4051 4697
4056 4147
4059 4385
4060 4953
4061 4851
4062 4541
4068 4919
4069 4361
4070 4823
4071 4613
4075 4246
4076 4453
4078 4628
4079 4834
4082 4378
4084 4850
4086 4971
4088 4419
4090 4152
4091 4869
4093 4737
4097 4895
4098 4425
4101 4511
4102 4227
4103 4818
4104 4528
4106 4180
4107 4483
4112 4116
4118 4601
4119 4764
4122 4982
4127 4448
4129 4985
4130 4821
4132 4865
4133 4476
4135 5037
4136 4992
4138 4417
4139 4211
4142 5060
4144 4348
4146 5035
4148 4674
4150 4803
4151 4945
4153 4917
4155 4771
4158 4462
4159 4532
4160 4396
4162 4244
4163 4637
4165 4388
4166 5007
4167 4995
4168 4967
4169 4837
4170 4882
4171 4625
4173 4324
4175 4913
4178 4893
4179 4217
4181 4723
4182 4854
4183 4947
4184 4827
4186 4474
4187 4705
4188 4994
4191 5101
4193 4321
4195 4376
4198 4792
4199 4856
4200 5089
4201 4312
4202 4409
4203 4965
4204 4238
4205 4449
4206 4392
4208 4223
4209 5139
4215 4535
4218 4239
4221 5083
4222 4357
4225 4308
4226 4430
4228 4518
4229 4966
4230 4606
4232 5099
4234 4933
4235 4279
4240 5137
4242 5061
4251 5119
4253 4389
4254 4733
4255 4964
4257 4521
4258 5085
4260 4618
4262 5109
4264 5198
4267 4658
4269 4466
4270 5184
4271 4797
4275 4819
4276 4894
4277 5073
4280 4683
4281 4968
4283 4707
4284 5136
4287 4972
4288 4455
4289 5031
4291 4741
4294 4367
4295 4360
4296 4873
4298 5220
4300 5092
4301 4621
4305 4832
4306 4326
4307 5152
4309 5169
4310 5049
4314 5095
4315 4773
4316 4822
4317 4839
4319 4757
4320 4911
4323 4356
4325 4666
4330 4859
4332 4970
4334 5004
4335 4423
4336 4866
4337 5161
4338 4405
4339 4920
4345 4946
4346 5270
4349 4680
4350 4713
4351 5154
4353 4599
4354 4936
4359 5047
4362 4375
4364 4685
4365 4468
4371 4676
4372 4765
4373 4754
4377 5018
4379 4560
4380 4997
4381 5026
4387 5040
4395 4669
4399 5252
4401 5333
4402 4848
4404 5164
4407 4597
4408 4664
4411 4725
4414 4585
4415 4458
4418 4828
4420 5102
4421 4969
4424 4960
4426 4944
4427 5113
4431 5361
4432 4509
4433 4716
4436 5269
4438 5277
4439 5208
4443 4735
4444 5274
4446 5196
4447 5271
4450 4706
4451 5359
4452 4659
4454 4787
4461 5261
4464 4899
4465 5078
4467 5309
4473 4870
4475 5294
4477 4662
4478 5325
4479 5288
4480 5081
4481 5029
4482 5157
4484 4852
4485 4639
4486 4824
4487 5305
4489 4497
4494 4769
4495 5420
4500 5426
4501 5281
4502 5084
4504 4574
4505 5179
4507 5291
4510 5384
4515 5430
4516 5372
4519 4588
4523 4825
4525 5044
4529 5066
4531 4732
4536 5354
4537 5180
4538 5088
4540 5364
4542 5210
4544 4934
4546 5464
4547 4938
4548 4921
4550 4596
4551 5043
4554 4576
4555 4772
4559 4932
4561 5177
4562 4642
4563 5411
4564 4715
4565 5117
4569 4930
4571 5003
4573 5149
4577 5171
4578 5347
4580 5487
4581 4722
4584 4678
4586 4682
4587 5126
4590 5187
4592 5041
4593 5053
4594 5513
4598 4952
4600 5145
4602 4912
4604 4690
4605 5104
4607 4655
4608 5306
4610 5106
4612 5512
4614 5401
4615 5543
4616 5146
4617 5165
4619 4646
4620 4780
4623 5536
4624 4931
4627 5342
4629 4753
4631 4734
4632 5385
4636 5159
4638 4846
4641 5143
4644 4758
4648 4762
4649 5011
4650 4755
4651 4910
4653 5552
4654 5008
4660 5424
4667 4881
4668 5393
4671 5163
4672 5582
4673 5268
4677 5495
4684 4804
4686 5131
4689 5463
4691 5160
4692 5489
4693 5338
4694 4767
4696 4898
4698 5173
4699 4900
4700 5400
4701 5313
4702 5540
4703 4782
4704 5590
4708 5460
4709 5301
4711 5286
4712 4872
4717 5349
4718 5346
4719 5374
4721 5315
4724 5276
4726 5642
4727 5625
4729 5510
4731 4943
4736 5175
4738 5371
4739 5314
4740 5504
4742 5128
4743 5017
4744 5077
4745 5237
4746 5392
4747 5293
4748 5042
4749 5681
4751 5355
4752 5290
4756 5320
4760 5467
4761 4883
4766 5326
4768 5284
4770 4957
4774 5658
4775 5174
4776 4983
4777 4886
4778 4924
4781 5103
4783 4847
4784 5654
4786 5387
4788 5115
4790 5327
4793 5381
4794 4811
4795 4902
4796 5403
4798 5735
4799 5733
4800 5447
4801 5138
4805 5662
4806 5123
4807 5517
4808 5626
4809 5521
4810 4860
4813 5457
4814 5466
4815 5557
4816 5239
4817 5594
4820 5120
4826 5711
4829 5172
4831 5001
4833 5497
4836 5771
4841 5612
4842 5696
4843 5647
4844 5086
4845 5059
4849 5781
4853 5406
4855 5596
4857 5176
4858 5010
4861 5105
4863 5569
4864 4981
4867 5022
4868 5602
4875 5503
4876 4958
4877 5629
4878 5675
4884 5653
4885 4905
4887 5158
4888 5579
4889 5255
4890 5704
4891 5151
4896 5787
4901 5600
4903 5249
4904 5570
4907 5805
4909 5410
4914 5278
4915 5142
4916 5141
4918 4940
4922 5038
4923 5352
4925 5310
4926 5859
4927 5571
4928 5646
4935 5147
4937 5761
4939 5192
4941 5140
4942 5649
4948 5324
4949 5057
4950 5794
4951 5386
4954 5740
4955 5542
4956 5258
4961 5882
4962 5224
4963 5669
4973 5587
4974 5221
4975 4988
4976 5528
4977 5433
4978 5183
4979 5116
4980 5708
4984 5768
4986 5729
4987 5656
4989 5687
4990 5630
4991 5020
4993 5194
4996 5125
4998 5216
4999 5880
5000 5500
5002 5339
5005 5809
5006 5820
5009 5459
5012 5350
5013 5024
5014 5096
5015 5950
5016 5021
5019 5637
5023 5518
5025 5666
5027 5178
5028 5726
5030 5801
5032 5907
5033 5122
5034 5599
5036 5501
5039 5567
5045 5876
5046 5685
5048 5368
5050 5958
5051 5769
5052 5935
5054 5071
5055 5932
5056 5366
5058 5065
5062 5984
5063 5111
5064 5228
5067 5592
5068 5858
5069 5782
5070 5205
5072 5412
5074 5878
5075 5204
5076 5449
5079 5360
5080 6008
5082 5502
5087 5094
5090 5903
5091 5767
5093 5240
5097 5645
5098 5797
5100 5297
5107 5635
5108 5717
5110 5811
5112 6021
5114 5436
5118 6012
5121 5847
5124 5250
5127 5469
5129 5791
5130 6035
5132 5186
5133 5683
5134 5862
5135 5425
5144 5247
5148 5825
5150 5373
5153 5924
5155 5496
5156 5934
5162 5676
5166 5698
5167 5842
5168 5434
5170 5760
5181 5188
5182 5857
5185 5839
5189 5920
5190 5954
5191 5994
5193 6107
5195 6014
5197 5531
5199 5585
5200 5415
5201 5885
5202 5427
5203 5970
5206 5452
5207 5408
5209 5834
5211 5213
5212 5764
5214 5564
5215 5775
5217 5730
5218 5624
5219 5558
5222 5960
5223 5793
5225 5873
5226 5702
5227 6056
5229 5856
5230 6023
5231 6029
5232 5930
5233 5365
5234 6154
5235 5636
5236 6111
5238 6069
5241 5644
5242 5516
5243 5915
5244 5673
5245 6090
5246 5747
5248 5800
5251 5923
5253 5939
5254 5519
5256 5565
5257 5538
5259 5943
5260 5470
5262 5817
5263 5444
5264 6059
5265 5317
5266 6150
5267 5280
5272 5758
5273 5945
5275 5854
5279 5877
5282 6000
5283 5867
5285 5345
5287 5609
5289 5832
5292 5750
5295 6134
5296 6077
5298 5388
5299 5727
5300 5723
5302 6170
5303 5990
5304 5951
5307 5964
5308 5682
5311 5803
5312 6086
5316 6117
5318 5617
5319 6076
5321 5541
5322 5524
5323 6167
5328 5850
5329 5575
5330 5693
5331 6081
5332 5710
5334 5577
5335 5534
5336 6148
5337 5927
5340 5399
5341 5746
5343 6144
5344 5981
5348 5670
5351 5937
5353 6175
5356 5561
5357 6250
5358 6151
5362 6199
5363 6034
5367 5818
5369 6105
5370 5906
5375 5745
5376 6007
5377 5413
5378 6286
5379 5766
5380 6208
5382 5995
5383 6073
5389 6293
5390 5963
5391 6030
5394 5508
5395 6047
5396 5581
5397 6118
5398 5863
5402 5450
5404 6310
5405 6280
5407 6082
5409 5448
5414 6256
5416 6062
5417 6162
5418 6045
5419 5916
5421 5550
5422 6095
5423 6044
5428 5616
5429 6319
5431 6193
5432 5530
5435 5586
5437 6224
5438 6046
5439 5732
5440 5982
5441 6262
5442 5678
5443 6345
5445 5815
5446 5701
5451 6315
5453 6096
5454 6093
5455 6307
5456 5488
5458 5851
5461 6322
5462 6261
5465 6228
5468 6112
5471 5879
5472 6390
5473 5640
5474 6017
5475 5664
5476 6276
5477 6025
5478 5485
5479 5583
5480 5759
5481 6367
5482 6248
5483 5948
5484 5507
5486 5926
5490 5942
5491 6343
5492 6405
5493 6229
5494 6355
5498 6348
5499 5548
5505 6395
5506 5722
5509 5919
5511 6323
5514 6269
5515 5871
5520 6334
5522 6292
5523 5652
5525 6231
5526 6374
5527 5591
5529 6125
5532 5812
5533 6359
5535 5855
5537 5959
5539 5798
5544 5568
5545 6072
5546 5986
5547 5881
5549 5992
5551 5966
5553 6188
5554 5785
5555 6273
5556 6298
5559 6252
5560 6437
5562 6195
5563 5748
5566 5868
5572 6163
5573 5795
5574 5872
5576 5725
5578 5835
5580 5680
5584 6311
5588 6259
5589 5679
5593 5605
5595 6376
5597 5719
5598 6209
5601 5705
5603 6493
5604 6337
5606 5921
5607 6040
5608 6119
5610 6223
5611 6406
5613 6126
5614 6492
5615 5697
5618 6152
5619 5663
5620 6486
5621 5623
5622 6129
5627 5996
5628 5700
5631 6291
5632 5978
5633 6501
5634 6454
5638 6190
5639 6278
5641 6055
5643 5660
5648 6067
5650 6468
5651 6583
5655 6182
5657 5991
5659 5997
5661 5955
5665 5957
5667 5783
5668 6327
5671 6114
5672 6399
5674 6553
5677 6418
5684 5813
5686 6174
5688 6586
5689 6556
5690 6407
5691 5718
5692 6356
5694 6088
5695 6508
5699 6306
5703 6476
5706 6528
5707 6204
5709 6432
5712 6607
5713 6198
5714 6426
5715 6381
5716 6283
5720 6233
5721 6271
5724 6543
5728 6642
5731 6275
5734 6433
5736 5836
5737 6265
5738 6100
5739 6400
5741 6177
5742 6542
5743 6135
5744 6304
5749 6647
5751 6216
5752 6634
5753 6194
5754 5998
5755 6551
5756 6247
5757 6398
5762 6006
5763 6442
5765 6255
5770 6050
5772 5972
5773 6674
5774 6592
5776 6439
5777 6189
5778 5953
5779 6215
5780 6503
5784 6686
5786 5944
5788 6222
5789 6332
5790 6149
5792 6601
5796 5909
5799 6663
5802 5975
5804 6732
5806 6505
5807 6267
5808 6143
5810 6613
5814 6463
5816 6238
5819 5829
5821 6420
5822 6587
5823 6205
5824 6330
5826 6075
5827 6245
5828 6001
5830 6715
5831 6539
5833 5976
5837 6605
5838 6477
5840 6383
5841 6471
5843 6762
5844 6511
5845 6253
5846 6094
5848 6659
5849 6473
5852 5884
5853 5897
5860 6028
5861 6260
5864 6049
5865 6329
5866 6264
5869 5886
5870 6102
5874 6171
5875 6153
5883 6690
5887 6767
5888 6526
5889 6236
5890 6303
5891 6608
5892 6351
5893 6723
5894 6726
5895 6548
5896 6464
5898 6595
5899 6517
5900 6211
5901 6641
5902 6136
5904 6416
5905 6600
5908 6316
5910 6026
5911 6147
5912 6155
5913 6394
5914 6103
5917 6490
5918 6558
5922 6694
5925 6313
5928 6625
5929 6771
5931 6791
5933 6664
5936 6239
5938 6133
5940 6309
5941 6159
5946 6704
5947 6837
5949 6502
5952 6282
5956 6707
5961 6883
5962 6562
5965 6160
5967 6218
5968 6326
5969 6906
5971 6721
5973 6798
5974 6692
5977 6123
5979 6672
5980 6801
5983 6633
5985 6290
5987 6877
5988 6504
5989 6904
5993 6842
5999 6934
6002 6472
6003 6821
6004 6933
6005 6731
6009 6789
6010 6610
6011 6920
6013 6192
6015 6051
6016 6314
6018 6540
6019 6441
6020 6460
6022 6419
6024 6455
6027 6869
6031 6300
6032 6533
6033 6243
6036 6768
6037 6666
6038 6718
6039 6908
6041 6550
6042 6456
6043 6169
6048 6619
6052 6957
6053 6623
6054 6196
6057 6702
6058 6917
6060 6627
6061 6874
6063 6417
6064 6685
6065 6754
6066 6555
6068 6701
6070 6795
6071 6794
6074 6984
6078 6637
6079 6137
6080 6197
6083 6379
6084 6578
6085 6158
6087 7022
6089 6370
6091 6890
6092 6872
6097 6825
6098 6871
6099 6803
6101 6988
6104 6564
6106 6757
6108 6549
6109 6263
6110 6124
6113 6636
6115 7015
6116 6995
6120 6927
6121 6845
6122 6951
6127 6203
6128 6759
6130 7033
6131 6986
6132 6364
6138 6930
6139 6324
6140 6474
6141 6350
6142 6494
6145 6415
6146 7010
6156 6440
6157 6333
6161 7014
6164 6739
6165 6987
6166 6800
6168 6626
6172 6838
6173 6582
6176 7004
6178 6335
6179 6799
6180 6835
6181 6639
6183 6644
6184 7047
6185 6235
6186 6301
6187 6763
6191 6506
6200 7059
6201 6781
6202 7064
6206 6778
6207 6856
6210 6225
6212 6741
6213 7098
6214 6580
6217 6785
6219 6651
6220 6713
6221 6886
6226 6968
6227 6480
6230 6475
6232 6895
6234 6873
6237 6805
6240 7111
6241 7144
6242 6302
6244 6683
6246 7060
6249 7088
6251 6321
6254 6831
6257 6425
6258 6815
6266 6527
6268 6655
6270 6940
6272 6797
6274 6786
6277 7114
6279 7027
6281 7003
6284 6924
6285 6850
6287 6746
6288 6615
6289 6756
6294 6560
6295 6596
6296 6676
6297 6606
6299 6577
6305 7127
6308 7152
6312 6943
6317 7128
6318 6537
6320 6450
6325 6990
6328 6408
6331 7222
6336 7053
6338 6522
6339 6827
6340 7037
6341 7035
6342 7024
6344 6358
6346 6520
6347 6751
6349 7042
6352 7289
6353 7087
6354 6680
6357 7174
6360 6695
6361 6657
6362 6434
6363 7227
6365 6706
6366 6738
6368 7219
6369 7192
6371 7018
6372 7028
6373 7240
6375 6737
6377 6928
6378 6603
6380 6937
6382 6755
6384 6689
6385 6703
6386 7030
6387 7249
6388 6823
6389 6977
6391 7145
6392 7117
6393 6579
6396 7078
6397 7080
6401 7330
6402 6696
6403 7201
6404 7286
6409 6620
6410 6760
6411 7261
6412 6773
6413 7238
6414 7336
6421 6510
6422 6852
6423 6571
6424 6808
6427 6458
6428 7324
6429 7313
6430 7081
6431 6653
6435 6897
6436 6445
6438 7216
6443 6541
6444 7333
6446 7149
6447 6489
6448 6783
6449 7224
6451 7246
6452 7181
6453 6661
6457 6950
6459 7147
6461 6772
6462 7188
6465 6896
6466 7165
6467 7178
6469 7320
6470 7218
6478 7303
6479 7310
6481 7418
6482 7412
6483 6682
6484 6935
6485 6858
6487 6952
6488 7400
6491 7214
6495 7061
6496 7410
6497 7101
6498 7070
6499 7091
6500 6780
6507 7377
6509 7308
6512 6910
6513 6949
6514 7072
6515 7452
6516 6979
6518 6734
6519 7315
6521 7419
6523 7335
6524 6804
6525 7378
6529 6761
6530 6658
6531 7413
6532 6887
6534 7012
6535 7429
6536 7153
6538 6954
6544 7092
6545 7026
6546 6716
6547 7135
6552 6593
6554 7415
6557 6697
6559 7242
6561 7093
6563 7339
6565 7254
6566 7185
6567 6699
6568 7305
6569 7045
6570 6820
6572 6819
6573 7226
6574 6624
6575 7244
6576 6806
6581 7505
6584 7029
6585 6889
6588 7002
6589 7425
6590 7228
6591 7054
6594 7443
6597 7456
6598 7166
6599 7106
6602 7454
6604 6693
6609 7260
6611 7262
6612 6638
6614 7510
6616 7213
6617 7124
6618 7109
6621 7256
6622 6958
6628 7040
6629 6921
6630 6736
6631 6826
6632 6848
6635 7504
6640 6829
6643 7269
6645 7357
6646 7477
6648 6989
6649 6712
6650 7280
6652 7401
6654 7404
6656 7518
6660 7058
6662 6816
6665 6941
6667 7461
6668 7207
6669 7031
6670 7351
6671 6919
6673 7375
6675 6708
6677 6976
6678 7113
6679 7594
6681 6847
6684 6973
6687 6766
6688 7354
6691 7527
6698 7358
6700 7628
6705 7084
6709 7615
6710 7049
6711 7457
6714 7279
6717 7566
6719 7107
6720 7645
6722 6888
6724 7008
6725 7540
6727 7276
6728 7393
6729 7206
6730 7417
6733 6744
6735 7264
6740 7123
6742 7420
6743 7653
6745 7089
6747 7650
6748 7229
6749 7034
6750 7613
6752 7478
6753 7475
6758 7148
6764 6839
6765 7163
6769 7603
6770 7626
6774 7379
6775 7536
6776 7685
6777 7255
6779 7483
6782 7032
6784 7191
6787 7353
6788 7501
6790 7688
6792 7328
6793 6963
6796 7232
6802 7564
6807 7577
6809 7669
6810 6884
6811 7183
6812 7388
6813 7387
6814 7521
6817 7374
6818 7726
6822 6903
6824 7096
6828 7321
6830 7235
6832 7158
6833 6923
6834 7556
6836 7581
6840 7414
6841 7116
6843 7547
6844 7583
6846 7678
6849 7676
6851 7253
6853 7293
6854 7363
6855 7618
6857 7643
6859 7329
6860 7001
6861 7743
6862 6960
6863 7278
6864 7421
6865 6876
6866 6980
6867 7331
6868 7340
6870 7370
6875 7467
6878 7773
6879 7199
6880 7366
6881 6993
6882 7759
6885 7103
6891 7205
6892 7436
6893 7597
6894 7809
6898 7469
6899 7789
6900 7481
6901 7048
6902 7835
6905 7184
6907 7762
6909 7684
6911 6953
6912 7173
6913 7175
6914 7683
6915 7441
6916 7011
6918 7662
6922 7557
6925 7531
6926 7055
6929 7660
6931 7356
6932 7512
6936 7792
6938 6997
6939 7623
6942 7770
6944 7440
6945 7472
6946 7122
6947 7493
6948 7631
6955 7430
6956 7225
6959 7395
6961 7046
6962 7138
6964 7179
6965 7350
6966 7854
6967 7473
6969 7134
6970 7781
6971 7500
6972 7833
6974 7815
6975 7105
6978 7247
6981 7043
6982 7874
6983 7601
6985 7211
6991 7083
6992 7373
6994 7355
6996 7776
6998 7416
6999 7141
7000 7463
7005 7716
7006 7332
7007 7314
7009 7220
7013 7311
7016 7471
7017 7038
7019 7758
7020 7210
7021 7544
7023 7154
7025 7852
7036 7720
7039 7041
7044 7657
7050 7543
7051 7865
7052 7384
7056 7652
7057 7817
7062 7132
7063 7751
7065 7575
7066 7982
7067 7894
7068 7186
7069 7403
7071 7296
7073 7990
7074 7806
7075 7570
7076 7437
7077 7692
7079 7177
7082 7953
7085 7230
7086 8019
7090 7767
7094 7654
7095 7703
7097 8034
7099 7979
7100 7797
7102 7233
7104 7929
7108 7783
7110 7509
7112 7826
7115 7159
7118 7951
7119 7511
7120 7690
7121 7252
7125 7558
7126 7847
7129 7198
7130 7338
7131 7136
7133 7221
7137 7811
7139 7394
7140 7784
7142 7993
7143 7318
7146 7263
7150 7392
7151 7514
7155 7800
7156 7608
7157 8088
7160 7807
7161 7495
7162 7983
7164 8070
7167 7668
7168 7307
7169 7272
7170 8035
7171 7661
7172 7967
7176 7843
7180 7525
7182 7829
7187 7241
7189 7274
7190 7438
7193 8129
7194 7700
7195 7682
7196 7839
7197 7786
7200 7503
7202 7578
7203 7640
7204 8100
7208 7964
7209 7960
7212 7462
7215 7917
7217 7529
7223 7849
7231 7659
7234 8159
7236 7860
7237 7974
7239 7915
7243 7723
7245 7325
7248 7596
7250 8020
7251 7756
7257 7651
7258 7785
7259 7821
7265 8137
7266 7893
7267 7519
7268 7958
7270 8181
7271 7619
7273 8051
7275 8194
7277 7447
7281 8108
7282 7592
7283 8111
7284 7766
7285 7479
7287 7712
7288 7300
7290 7352
7291 7465
7292 7989
7294 7868
7295 7778
7297 7812
7298 7451
7299 7554
7301 7736
7302 7490
7304 7846
7306 7524
7309 7851
7312 7484
7316 8080
7317 7617
7319 8028
7322 8040
7323 7855
7326 7380
7327 8123
7334 7896
7337 7746
7341 8198
7342 7584
7343 7977
7344 7385
7345 7534
7346 8022
7347 7638
7348 7760
7349 7365
7359 8033
7360 7591
7361 7740
7362 7944
7364 7825
7367 7655
7368 8105
7369 7409
7371 8078
7372 7912
7376 8091
7381 7707
7382 8216
7383 7439
7386 8267
7389 7549
7390 7535
7391 7727
7396 7771
7397 8217
7398 7551
7399 8281
7402 8170
7405 7798
7406 7587
7407 7562
7408 7768
7411 7721
7422 8122
7423 8290
7424 7598
7426 8085
7427 8082
7428 7666
7431 7808
7432 7492
7433 8286
7434 8263
7435 8333
7442 8155
7444 7470
7445 8244
7446 7937
7448 7972
7449 8253
7450 8069
7453 8119
7455 8298
7458 8037
7459 8150
7460 8273
7464 8371
7466 8315
7468 8265
7474 8120
7476 7624
7480 7715
7482 7539
7485 7959
7486 8104
7487 8101
7488 7520
7489 8143
7491 8090
7494 7936
7496 8115
7497 8316
7498 8241
7499 8124
7502 8045
7506 7627
7507 8056
7508 8435
7513 7738
7515 7629
7516 8274
7517 8409
7522 7609
7523 8110
7526 7910
7528 8202
7530 8440
7532 7856
7533 7664
7537 7702
7538 7639
7541 8386
7542 8294
7545 8192
7546 8107
7548 8000
7550 7973
7552 8220
7553 7853
7555 7985
7559 8184
7560 8157
7561 8307
7563 8232
7565 8099
7567 7919
7568 8191
7569 8139
7571 7928
7572 8460
7573 8167
7574 7790
7576 8402
7579 7610
7580 7612
7582 7810
7585 8432
7586 8156
7588 7914
7589 7907
7590 7714
7593 8014
7595 7719
7599 8453
7600 8369
7602 7632
7604 8077
7605 7689
7606 7620
7607 7663
7611 8138
7614 8225
7616 8355
7621 8539
7622 7749
7625 7747
7630 8252
7633 8205
7634 8528
7635 8484
7636 8352
7637 7863
7641 8317
7642 8243
7644 8152
7646 8031
7647 8109
7648 7976
7649 7737
7656 7986
7658 7870
7665 8236
7667 8564
7670 7672
7671 8423
7673 8106
7674 8011
7675 8486
7677 8074
7679 8168
7680 8023
7681 8325
7686 8515
7687 7880
7691 8222
7693 8458
7694 8025
7695 7909
7696 8327
7697 8372
7698 8248
7699 7961
7701 8559
7704 7935
7705 8239
7706 8357
7708 8538
7709 7897
7710 7765
7711 8640
7713 8201
7717 8527
7718 7883
7722 8524
7724 7940
7725 7816
7728 8365
7729 8508
7730 8596
7731 8251
7732 8256
7733 8223
7734 8494
7735 8656
7739 8322
7741 7775
7742 8581
7744 8348
7745 7954
7748 7801
7750 8495
7752 8010
7753 8048
7754 7923
7755 7981
7757 8049
7761 8631
7763 8688
7764 8499
7769 8493
7772 8602
7774 7978
7777 8526
7779 8356
7780 8376
7782 8323
7787 8336
7788 7890
7791 8700
7793 8572
7794 8473
7795 8208
7796 8721
7799 7828
7802 8258
7803 8284
7804 8450
7805 8136
7813 8288
7814 8667
7818 8457
7819 8406
7820 8756
7822 8522
7823 8153
7824 8540
7827 8697
7830 8512
7831 8674
7832 7999
7834 8221
7836 8235
7837 8669
7838 8734
7840 8431
7841 8516
7842 8266
7844 8638
7845 8560
7848 8132
7850 8293
7857 8622
7858 8002
7859 8207
7861 8732
7862 8519
7864 7970
7866 8542
7867 8455
7869 8400
7871 8160
7872 8555
7873 8686
7875 8794
7876 8060
7877 8247
7878 8189
7879 8506
7881 8535
7882 8081
7884 8240
7885 8713
7886 8609
7887 8075
7888 8209
7889 7925
7891 8481
7892 8145
7895 8026
7898 8188
7899 8518
7900 7922
7901 8513
7902 8837
7903 8530
7904 8467
7905 8193
7906 8438
7908 8624
7911 8394
7913 8644
7916 8224
7918 8628
7920 8287
7921 8126
7924 8059
7926 8118
7927 8804
7930 8731
7931 8824
7932 8864
7933 8806
7934 8331
7938 8852
7939 8413
7941 8296
7942 8448
7943 8443
7945 7992
7946 8363
7947 8861
7948 8537
7949 8533
7950 8483
7952 8750
7955 8832
7956 8659
7957 8227
7962 8729
7963 8044
7965 8456
7966 8797
7968 8775
7969 8398
7971 8554
7975 8018
7980 8730
7984 8006
7987 8642
7988 8818
7991 8847
7994 8066
7995 8001
7996 8480
7997 8149
7998 8695
8003 8183
8004 8497
8005 8154
8007 8140
8008 8599
8009 8148
8012 8299
8013 8471
8015 8541
8016 8767
8017 8490
8021 8422
8024 8313
8027 8084
8029 8848
8030 8332
8032 8680
8036 8825
8038 8345
8039 8050
8041 8835
8042 8444
8043 8454
8046 8283
8047 8504
8052 8571
8053 8350
8054 8590
8055 8228
8057 8561
8058 8476
8061 8320
8062 8133
8063 8972
8064 8344
8065 8969
8067 8641
8068 8990
8071 8076
8072 8466
8073 8343
8079 8465
8083 8908
8086 8472
8087 8479
8089 8362
8092 9005
8093 8605
8094 8430
8095 8678
8096 8370
8097 8683
8098 8646
8102 8517
8103 8551
8112 8901
8113 8932
8114 8380
8116 8807
8117 8289
8121 9041
8125 8681
8127 8979
8128 8451
8130 8257
8131 8662
8134 8922
8135 8146
8141 8531
8142 8999
8144 8937
8147 8178
8151 8935
8158 8725
8161 8907
8162 8197
8163 8978
8164 8660
8165 8586
8166 8503
8169 8373
8171 9091
8172 8838
8173 8630
8174 8940
8175 8896
8176 9096
8177 8214
8179 8839
8180 8911
8182 9006
8185 8665
8186 8335
8187 8701
8190 8196
8195 8803
8199 9009
8200 8976
8203 8657
8204 8505
8206 8388
8210 8854
8211 9130
8212 8865
8213 8353
8215 8900
8218 8830
8219 8984
8226 8733
8229 8424
8230 8463
8231 8446
8233 9101
8234 8684
8237 8902
8238 8906
8242 8826
8245 8930
8246 8340
8249 8326
8250 8436
8254 9068
8255 9139
8259 8385
8260 9148
8261 8965
8262 8995
8264 8655
8268 9170
8269 8938
8270 8415
8271 8464
8272 8593
8275 8359
8276 8334
8277 8302
8278 8886
8279 8988
8280 9086
8282 8710
8285 8588
8291 9029
8292 8639
8295 8764
8297 8784
8300 8358
8301 8860
8303 9090
8304 8546
8305 8874
8306 8707
8308 9088
8309 9022
8310 8401
8311 9240
8312 8724
8314 8754
8318 9137
8319 9055
8321 8910
8324 8717
8328 9046
8329 9176
8330 8603
8337 9184
8338 8840
8339 9258
8341 9160
8342 8945
8346 8708
8347 8719
8349 9190
8351 9174
8354 8408
8360 9241
8361 9186
8364 9195
8366 8953
8367 9085
8368 8558
8374 8745
8375 8872
8377 9224
8378 8777
8379 8943
8381 8607
8382 9265
8383 8768
8384 8556
8387 8672
8389 9197
8390 9275
8391 8875
8392 9119
8393 8869
8395 8934
8396 8634
8397 9017
8399 9020
8403 9269
8404 8550
8405 8704
8407 8801
8410 9103
8411 8919
8412 9045
8414 8563
8416 8488
8417 8604
8418 8889
8419 8496
8420 9141
8421 9270
8425 9266
8426 8971
8427 8439
8428 9032
8429 9261
8433 9097
8434 8627
8437 9178
8441 9329
8442 8649
8445 9212
8447 9011
8449 8827
8452 8543
8459 8787
8461 8917
8462 8920
8468 8780
8469 9128
8470 9301
8474 9406
8475 9367
8477 9201
8478 9193
8482 8799
8485 9354
8487 8648
8489 9307
8491 8514
8492 9352
8498 9064
8500 9002
8501 9370
8502 9047
8507 9044
8509 9446
8510 8714
8511 8785
8520 8632
8521 9158
8523 8846
8525 8534
8529 9146
8532 9220
8536 9117
8544 9447
8545 8702
8547 8698
8548 9171
8549 9409
8552 8962
8553 9207
8557 9420
8562 9356
8565 9365
8566 8961
8567 8748
8568 8663
8569 8726
8570 9491
8573 9233
8574 8650
8575 8890
8576 9305
8577 8712
8578 8779
8579 9392
8580 8671
8582 9180
8583 9359
8584 8746
8585 8913
8587 9400
8589 9242
8591 9333
8592 9263
8594 9300
8595 9227
8597 9325
8598 8727
8600 9391
8601 8949
8606 9276
8608 9016
8610 8974
8611 9548
8612 9317
8613 8909
8614 8921
8615 9437
8616 9087
8617 9405
8618 9070
8619 8736
8620 9115
8621 9000
8623 9539
8625 9384
8626 9335
8629 9181
8633 9477
8635 8892
8636 8982
8637 8783
8643 9422
8645 8647
8651 9304
8652 8980
8653 8897
8654 9572
8658 9459
8661 9239
8664 9065
8666 9151
8668 9126
8670 9057
8673 9589
8675 9451
8676 9479
8677 9260
8679 9302
8682 8912
8685 9579
8687 9246
8689 9522
8690 9110
8691 9163
8692 9306
8693 9073
8694 9587
8696 8941
8699 8968
8703 9280
8705 8749
8706 9058
8709 9616
8711 9010
8715 8811
8716 8833
8718 9561
8720 9114
8722 9210
8723 9567
8728 8776
8735 9138
8737 9183
8738 9251
8739 8991
8740 9355
8741 9537
8742 9049
8743 9478
8744 9398
8747 8993
8751 8936
8752 9221
8753 8877
8755 8813
8757 8957
8758 9318
8759 9600
8760 9374
8761 9609
8762 8791
8763 9444
8765 9483
8766 8888
8769 9684
8770 8898
8771 9298
8772 9385
8773 9331
8774 9486
8778 9347
8781 9652
8782 9635
8786 9019
8788 9471
8789 8809
8790 9321
8792 9557
8793 9135
8795 9580
8796 9515
8798 9113
8800 9092
8802 9320
8805 9410
8808 9711
8810 8821
8812 9004
8814 9700
8815 9484
8816 9738
8817 9706
8819 9231
8820 9429
8822 9639
8823 8959
8828 9655
8829 9283
8831 9445
8834 9594
8836 9730
8841 9187
8842 9155
8843 9664
8844 9169
8845 9156
8849 9496
8850 9353
8851 9248
8853 9729
8855 9441
8856 9781
8857 9297
8858 9069
8859 9102
8862 9530
8863 9043
8866 9701
8867 9787
8868 9244
8870 9693
8871 9762
8873 9457
8876 9465
8878 9247
8879 9601
8880 9461
8881 9185
8882 9543
8883 9514
8884 9723
8885 9234
8887 9573
8891 9273
8893 9296
8894 9725
8895 8942
8899 9803
8903 9569
8904 9254
8905 9743
8914 9388
8915 9008
8916 9116
8918 9458
8923 9648
8924 9506
8925 9817
8926 9668
8927 8960
8928 9299
8929 9550
8931 9326
8933 9214
8939 9369
8944 9413
8946 9850
8947 9189
8948 9744
8950 9417
8951 9667
8952 9078
8954 9222
8955 9826
8956 9209
8958 9480
8963 9586
8964 9414
8966 9863
8967 9750
8970 9205
8973 9508
8975 9033
8977 9230
8981 9346
8983 9869
8985 9775
8986 9769
8987 9173
8989 9830
8992 9290
8994 9694
8996 9889
8997 9340
8998 9094
9001 9319
9003 9915
9007 9654
9012 9672
9013 9813
9014 9104
9015 9607
9018 9809
9021 9071
9023 9765
9024 9396
9025 9751
9026 9611
9027 9529
9028 9695
9030 9818
9031 9203
9034 9574
9035 9851
9036 9467
9037 9624
9038 9050
9039 9204
9040 9228
9042 9746
9048 9500
9051 9439
9052 9866
9053 9858
9054 9238
9056 9519
9059 9375
9060 9278
9061 9885
9062 9841
9063 9678
9066 9683
9067 9778
9072 9831
9074 9262
9075 9897
9076 9434
9077 9625
9079 9133
9080 9293
9081 9558
9082 9901
9083 9291
9084 9934
9089 9721
9093 9121
9095 9292
9098 9967
9099 9931
9100 9986
9105 9848
9106 9909
9107 9689
9108 9815
9109 9988
9111 9914
9112 9686
9118 9198
9120 9713
9122 9376
9123 9930
9124 9661
9125 9665
9127 9802
9129 9253
9131 9903
9132 9438
9134 9929
9136 9727
9140 9673
9142 10027
9143 9311
9144 9910
9145 9904
9147 9373
9149 10039
9150 9922
9152 9351
9153 9651
9154 10053
9157 9948
9159 9435
9161 10089
9162 9350
9164 10084
9165 9696
9166 9647
9167 9403
9168 10032
9172 9884
9175 9871
9177 9653
9179 9747
9182 9749
9188 9538
9191 9450
9192 9892
9194 9256
9196 9958
9199 9763
9200 9474
9202 9829
9206 9361
9208 9643
9211 9697
9213 9322
9215 9805
9216 10054
9217 9656
9218 9925
9219 9660
9223 9577
9225 9399
9226 9828
9229 9895
9232 9650
9235 10170
9236 9604
9237 10065
9243 9657
9245 9416
9249 9861
9250 9267
9252 9526
9255 9764
9257 9810
9259 10067
9264 10174
9268 9741
9271 9681
9272 9685
9274 9994
9277 9950
9279 9834
9281 9468
9282 10069
9284 9812
9285 9827
9286 9838
9287 10031
9288 10206
9289 9349
9294 9456
9295 9853
9303 9795
9308 9996
9309 9847
9310 9425
9312 10140
9313 10076
9314 9430
9315 9974
9316 10050
9323 10192
9324 9671
9327 10156
9328 10047
9330 9941
9332 9797
9334 9418
9336 9707
9337 9956
9338 9944
9339 9542
9341 9358
9342 9712
9343 9890
9344 9534
9345 10262
9348 9641
9357 9555
9360 10158
9362 9896
9363 9544
9364 9606
9366 9463
9368 9798
9371 10243
9372 10214
9377 10040
9378 10020
9379 10075
9380 9510
9381 9845
9382 9816
9383 9780
9386 10253
9387 9878
9389 10012
9390 10249
9393 10317
9394 10121
9395 9983
9397 10301
9401 10294
9402 9825
9404 9602
9407 9894
9408 10029
9411 9513
9412 9908
9415 10191
9419 10190
9421 10222
9423 9857
9424 10043
9426 10055
9427 9907
9428 9523
9431 9984
9432 9902
9433 10143
9436 9487
9440 10332
9442 9975
9443 9705
9448 10092
9449 10342
9452 9991
9453 10137
9454 9532
9455 10161
9460 10373
9462 10178
9464 9621
9466 9490
9469 10110
9470 9731
9472 10223
9473 10136
9475 10066
9476 10307
9481 9511
9482 10130
9485 10399
9488 9772
9489 9860
9492 9598
9493 9691
9494 9864
9495 10297
9497 9945
9498 10036
9499 10433
9501 10388
9502 10109
9503 10202
9504 10265
9505 9883
9507 10436
9509 9927
9512 10097
9516 10058
9517 9564
9518 10261
9520 10183
9521 10371
9524 10016
9525 9590
9527 9576
9528 9865
9531 9597
9533 10103
9535 9559
9536 9628
9540 10176
9541 9998
9545 9835
9546 9879
9547 9605
9549 10230
9551 10454
9552 10315
9553 9873
9554 9993
9556 10122
9560 10141
9562 10259
9563 9960
9565 9939
9566 9629
9568 10227
9570 9859
9571 9732
9575 10330
9578 10148
9581 10398
9582 10051
9583 10291
9584 9933
9585 10163
9588 9704
9591 10344
9592 9989
9593 10115
9595 9714
9596 10382
9599 9837
9603 9670
9608 10219
9610 10534
9612 9979
9613 9891
9614 10278
9615 10466
9617 10377
9618 10132
9619 9736
9620 10412
9622 10113
9623 10289
9626 10147
9627 9758
9630 10409
9631 10492
9632 10357
9633 10541
9634 10345
9636 10099
9637 10500
9638 10329
9640 10406
9642 10535
9644 10045
9645 9942
9646 9649
9658 10241
9659 10517
9662 10213
9663 10385
9666 10321
9669 9957
9674 10489
9675 10057
9676 10126
9677 10018
9679 10046
9680 10545
9682 9710
9687 10470
9688 10256
9690 10568
9692 10475
9698 9821
9699 10184
9702 9961
9703 9899
9708 9920
9709 9794
9715 10459
9716 10146
9717 10164
9718 10011
9719 10338
9720 10656
9722 10226
9724 10334
9726 10448
9728 9966
9733 10479
9734 10250
9735 9784
9737 10212
9739 10000
9740 10320
9742 10370
9745 10324
9748 10138
9752 10573
9753 10269
9754 10447
9755 10521
9756 10096
9757 10135
9759 10481
9760 10644
9761 9824
9766 10200
9767 10105
9768 10375
9770 10611
9771 10702
9773 10537
9774 10336
9776 10085
9777 10710
9779 10455
9782 10353
9783 10542
9785 9928
9786 10060
9788 10041
9789 9874
9790 10379
9791 10488
9792 10509
9793 10499
9796 9804
9799 10015
9800 9935
9801 9951
9806 10473
9807 10169
9808 10640
9811 10653
9814 10077
9819 10273
9820 9872
9822 10685
9823 10648
9832 10693
9833 9965
9836 10457
9839 10556
9840 10207
9842 10777
9843 10244
9844 9913
9846 10024
9849 10310
9852 10111
9854 10696
9855 10784
9856 10257
9862 9936
9867 10496
9868 10129
9870 10389
9875 10246
9876 10594
9877 10155
9880 10131
9881 10302
9882 10493
9886 10658
9887 10022
9888 10666
9893 10343
9898 10526
9900 10464
9905 10361
9906 10490
9911 9995
9912 10004
9916 10706
9917 10808
9918 10424
9919 10674
9921 10283
9923 10410
9924 10801
9926 10144
9932 10864
9937 10365
9938 10583
9940 10504
9943 10052
9946 10195
9947 10233
9949 10248
9952 10104
9953 10376
9954 10508
9955 10799
9959 10074
9962 10419
9963 10858
9964 10735
9968 10730
9969 10879
9970 10323
9971 10538
9972 10589
9973 10456
9976 10480
9977 10876
9978 10384
9980 10717
9981 10451
9982 10513
9985 10529
9987 10188
9990 10331
9992 10596
9997 10368
9999 10859
10001 10380
10002 10930
10003 10610
10005 10151
10006 10794
10007 10172
10008 10346
10009 10484
10010 10800
10013 10208
10014 10544
10017 10462
10019 10450
10021 10238
10023 10688
10025 10676
10026 10095
10028 10817
10030 10818
10033 10672
10034 10543
10035 10602
10037 10280
10038 10927
10042 10962
10044 10194
10048 10091
10049 10444
10056 10311
10059 10649
10061 10682
10062 10740
10063 10554
10064 10966
10068 10440
10070 10620
10071 10667
10072 10889
10073 10118
10078 10887
10079 10449
10080 10996
10081 10849
10082 10661
10083 10897
10086 10284
10087 10986
10088 10435
10090 10236
10093 10752
10094 10166
10098 10181
10100 10186
10101 11022
10102 10662
10106 10725
10107 10313
10108 10652
10112 10199
10114 10595
10116 10532
10117 10945
10119 10260
10120 10402
10123 10665
10124 11025
10125 10958
10127 10507
10128 11054
10133 10765
10134 10753
10139 10298
10142 10182
10145 10381
10149 11043
10150 10434
10152 10834
10153 11018
10154 10821
10157 10950
10159 10896
10160 10290
10162 10861
10165 11004
10167 10498
10168 10778
10171 10445
10173 10698
10175 11089
10177 10809
10179 10584
10180 10322
10185 10437
10187 10812
10189 10754
10193 10335
10196 10723
10197 10352
10198 10738
10201 10203
10204 10469
10205 10635
10209 10919
10210 10483
10211 11100
10215 11151
10216 10613
10217 10839
10218 11133
10220 11102
10221 10878
10224 10736
10225 10875
10228 10780
10229 10485
10231 10235
10232 10341
10234 10578
10237 10708
10239 10524
10240 10819
10242 10622
10245 10926
10247 10902
10251 11048
10252 10263
10254 10822
10255 10354
10258 11195
10264 10275
10266 10356
10267 10933
10268 10827
10270 11149
10271 10598
10272 10968
10274 11191
10276 10796
10277 10351
10279 10453
10281 11167
10282 10749
10285 11209
10286 10988
10287 10684
10288 11199
10292 10759
10293 10405
10295 10943
10296 11012
10299 10714
10300 11113
10303 10953
10304 10980
10305 10786
10306 10669
10308 11105
10309 11234
10312 10764
10314 10766
10316 10617
10318 10997
10319 10863
10325 10908
10326 11017
10327 11131
10328 10941
10333 10546
10337 11080
10339 10561
10340 11036
10347 10743
10348 10604
10349 10592
10350 10810
10355 10378
10358 11274
10359 11034
10360 10386
10362 11299
10363 11125
10364 10700
10366 11106
10367 11163
10369 11239
10372 11270
10374 11220
10383 10969
10387 11203
10390 11130
10391 10680
10392 11046
10393 10830
10394 10600
10395 11041
10396 11166
10397 11297
10400 10523
10401 11243
10403 11077
10404 10978
10407 11179
10408 10797
10411 10474
10413 10675
10414 11249
10415 11086
10416 10895
10417 11108
10418 11178
10420 11246
10421 10716
10422 10547
10423 10987
10425 10857
10426 10701
10427 11099
10428 10678
10429 10893
10430 11026
10431 11121
10432 11244
10438 11245
10439 10719
10441 10659
10442 10446
10443 11341
10452 11183
10458 10773
10460 10939
10461 10601
10463 10747
10465 10539
10467 10831
10468 11294
10471 10497
10472 11087
10476 11368
10477 11250
10478 10582
10482 10632
10486 11084
10487 11293
10491 10804
10494 11219
10495 11272
10501 10787
10502 10567
10503 10965
10505 10646
10506 11218
10510 10633
10511 11083
10512 11399
10514 10828
10515 10563
10516 11286
10518 10820
10519 11391
10520 10581
10522 10599
10525 11331
10527 11355
10528 11256
10530 10711
10531 10942
10533 11009
10536 11441
10540 11112
10548 11342
10549 11001
10550 11047
10551 11427
10552 10923
10553 10853
10555 11170
10557 11300
10558 11140
10559 11495
10560 11314
10562 11027
10564 11181
10565 11032
10566 11235
10569 10915
10570 11376
10571 11073
10572 11269
10574 10715
10575 11070
10576 11211
10577 11460
10579 11116
10580 11428
10585 10772
10586 11415
10587 10621
10588 11406
10590 10946
10591 10963
10593 11445
10597 11039
10603 10954
10605 11096
10606 11315
10607 10973
10608 11283
10609 10737
10612 10647
10614 11398
10615 11091
10616 11057
10618 10899
10619 11312
10623 10842
10624 11097
10625 11158
10626 11000
10627 10645
10628 10690
10629 11434
10630 10924
10631 11042
10634 11258
10636 10695
10637 10869
10638 10789
10639 11101
10641 10985
10642 10956
10643 11082
10650 11107
10651 11510
10654 11152
10655 11016
10657 11594
10660 11268
10663 11394
10664 11488
10668 10922
10670 10910
10671 11185
10673 10974
10677 11570
10679 11251
10681 11298
10683 11330
10686 11118
10687 11035
10689 10751
10691 10694
10692 10888
10697 11588
10699 11266
10703 11443
10704 10836
10705 11190
10707 11621
10709 11366
10712 11405
10713 10944
10718 11023
10720 11514
10721 11505
10722 11572
10724 11259
10726 11120
10727 11520
10728 10892
10729 11339
10731 10785
10732 11669
10733 11641
10734 11382
10739 11364
10741 10900
10742 11230
10744 11603
10745 10957
10746 11071
10748 10762
10750 10975
10755 10911
10756 10884
10757 11273
10758 11683
10760 10970
10761 11224
10763 11282
10767 11119
10768 11465
10769 11182
10770 10870
10771 11554
10774 11706
10775 11417
10776 11377
10779 11446
10781 11551
10782 11455
10783 11485
10788 11557
10790 10918
10791 11711
10792 10845
10793 11508
10795 11501
10798 11402
10802 10952
10803 10835
10805 11316
10806 11651
10807 11306
10811 10894
10813 10903
10814 11622
10815 11492
10816 11430
10823 11458
10824 11528
10825 11261
10826 11498
10829 10850
10832 11742
10833 11595
10837 11467
10838 11381
10840 11011
10841 11639
10843 11421
10844 11753
10846 11576
10847 11208
10848 11378
10851 11409
10852 11660
10854 11604
10855 11656
10856 11556
10860 11767
10862 11675
10865 11775
10866 11713
10867 11797
10868 10991
10871 10972
10872 11676
10873 11748
10874 11438
10877 11318
10880 11507
10881 11449
10882 11682
10883 11416
10885 11453
10886 11697
10890 11076
10891 11698
10898 11144
10901 11263
10904 11055
10905 11094
10906 11813
10907 11060
10909 11451
10912 11337
10913 11137
10914 11545
10916 10934
10917 11229
10920 11642
10921 11154
10925 11426
10928 11160
10929 11513
10931 11661
10932 11063
10935 11658
10936 11247
10937 11776
10938 11693
10940 11521
10947 11146
10948 11252
10949 11403
10951 11612
10955 11677
10959 11122
10960 11480
10961 11237
10964 11631
10967 11624
10971 11407
10976 11739
10977 11360
10979 11357
10981 11010
10982 11494
10983 11248
10984 11840
10989 11606
10990 11592
10992 11387
10993 11093
10994 11481
10995 11689
10998 11044
10999 11806
11002 11291
11003 11611
11005 11903
11006 11853
11007 11503
11008 11074
11013 11916
11014 11370
11015 11171
11019 11066
11020 11838
11021 11369
11024 11379
11028 11367
11029 11555
11030 11536
11031 11327
11033 11818
11037 11696
11038 11278
11040 11804
11045 11456
11049 11746
11050 11678
11051 11972
11052 11793
11053 11958
11056 11363
11058 11344
11059 11448
11061 11290
11062 11700
11064 11349
11065 11865
11067 11787
11068 11145
11069 11090
11072 11759
11075 11716
11078 11135
11079 11241
11081 11956
11085 11506
11088 11573
11092 11843
11095 11358
11098 11629
11103 11871
11104 11763
11109 11319
11110 11599
11111 11743
11114 11638
11115 11936
11117 11979
11123 11978
11124 12052
11126 11990
11127 11828
11128 12018
11129 11977
11132 11388
11134 11541
11136 11643
11138 11432
11139 11771
11141 12033
11142 11909
11143 12005
11147 11483
11148 11356
11150 11959
11153 11487
11155 11567
11156 11807
11157 11169
11159 12019
11161 11352
11162 11254
11164 11336
11165 11618
11168 11598
11172 11848
11173 11281
11174 11630
11175 11561
11176 11923
11177 11994
11180 11817
11184 11781
11186 11666
11187 11899
11188 11999
11189 11704
11192 12028
11193 11581
11194 11802
11196 11304
11197 11930
11198 12050
11200 11597
11201 11457
11202 11238
11204 11937
11205 12060
11206 11856
11207 11463
11210 11529
11212 11834
11213 11816
11214 11969
11215 11864
11216 12062
11217 11383
11221 12145
11222 11482
11223 11663
11225 11544
11226 12119
11227 11586
11228 11414
11231 11464
11232 12168
11233 11714
11236 11765
11240 11814
11242 11893
11253 11705
11255 11361
11257 11491
11260 11326
11262 12067
11264 11913
11265 11396
11267 11559
11271 12139
11275 11760
11276 12143
11277 11950
11279 11637
11280 11423
11284 11569
11285 11695
11287 12016
11288 12098
11289 12092
11292 11845
11295 12045
11296 11504
11301 11384
11302 11562
11303 11879
11305 11702
11307 11692
11308 11549
11309 11524
11310 12238
11311 12161
11313 11530
11317 11320
11321 11477
11322 11328
11323 12025
11324 11596
11325 11842
11329 11577
11332 11851
11333 11614
11334 11425
11335 12146
11338 11571
11340 12184
11343 11359
11345 11858
11346 12090
11347 11752
11348 12256
11350 11646
11351 11768
11353 12137
11354 11590
11362 12015
11365 12078
11371 11952
11372 12181
11373 11942
11374 11690
11375 12312
11380 12081
11385 11943
11386 12214
11389 11875
11390 11721
11392 12036
11393 12254
11395 11552
11397 12327
11400 12326
11401 12209
11404 11616
11408 11615
11410 11826
11411 11855
11412 12320
11413 11419
11418 11436
11420 12009
11422 11518
11424 11587
11429 11500
11431 12211
11433 12006
11435 12120
11437 11823
11439 11447
11440 12115
11442 11800
11444 12185
11450 12108
11452 12061
11454 12278
11459 11657
11461 12151
11462 12039
11466 12196
11468 11857
11469 12198
11470 12102
11471 12080
11472 11964
11473 12407
11474 11626
11475 11861
11476 11733
11478 12004
11479 12017
11484 11762
11486 11496
11489 11497
11490 12369
11493 11620
11499 11991
11502 11589
11509 11996
11511 11921
11512 11808
11515 12082
11516 12315
11517 11773
11519 11852
11522 12069
11523 12283
11525 11755
11526 12035
11527 12396
11531 12414
11532 12345
11533 11619
11534 11985
11535 12377
11537 11946
11538 11758
11539 11947
11540 12010
11542 11920
11543 12136
11546 12316
11547 12091
11548 12099
11550 11736
11553 11750
11558 11664
11560 12192
11563 11822
11564 12332
11565 12496
11566 11912
11568 12284
11574 12338
11575 12157
11578 12094
11579 12059
11580 11608
11582 11971
11583 11699
11584 12231
11585 12430
11591 12220
11593 12042
11600 12371
11601 11640
11602 11799
11605 12114
11607 12500
11609 12024
11610 11993
11613 12522
11617 12474
11623 12201
11625 12559
11627 12502
11628 11997
11632 12008
11633 11908
11634 11734
11635 11881
11636 12393
11644 12070
11645 12519
11647 12425
11648 12464
11649 11792
11650 12054
11652 11847
11653 11850
11654 11772
11655 11915
11659 12104
11662 12034
11665 12270
11667 12264
11668 11730
11670 12229
11671 11846
11672 12037
11673 11833
11674 12160
11679 12429
11680 12495
11681 12066
11684 12347
11685 12101
11686 12418
11687 11839
11688 11727
11691 12440
11694 12542
11701 11740
11703 12129
11707 12038
11708 12575
11709 11726
11710 12302
11712 11910
11715 11934
11717 12072
11718 12236
11719 11928
11720 12124
11722 12191
11723 11919
11724 12333
11725 11786
11728 12571
11729 12485
11731 12454
11732 12452
11735 12293
11737 12627
11738 12488
11741 12616
11744 12635
11745 12551
11747 12194
11749 12148
11751 12517
11754 12147
11756 11902
11757 12683
11761 12674
11764 11859
11766 12651
11769 12546
11770 11872
11774 12707
11777 12164
11778 11884
11779 12212
11780 12660
11782 12527
11783 12248
11784 12579
11785 12125
11788 12250
11789 12557
11790 12135
11791 12252
11794 12350
11795 12465
11796 12141
11798 12623
11801 12711
11803 12071
11805 12300
11809 12598
11810 12643
11811 12494
11812 12501
11815 12469
11819 12107
11820 12089
11821 12077
11824 12432
11825 12073
11827 11892
11829 11862
11830 12170
11831 11911
11832 11863
11835 12105
11836 12587
11837 12745
11841 12560
11844 12223
11849 12186
11854 12095
11860 12699
11866 12421
11867 12134
11868 12756
11869 12510
11870 12337
11873 12043
11874 12055
11876 12032
11877 12506
11878 12777
11880 12455
11882 12673
11883 12434
11885 12700
11886 12728
11887 12712
11888 12675
11889 12817
11890 12424
11891 12693
11894 11904
11895 12383
11896 12058
11897 12237
11898 12314
11900 11970
11901 11962
11905 12118
11906 12012
11907 12230
11914 12064
11917 12100
11918 12244
11922 12818
11924 12378
11925 12088
11926 12821
11927 12310
11929 11960
11931 12380
11932 12801
11933 12834
11935 11968
11938 12633
11939 12366
11940 12830
11941 12847
11944 12428
11945 12688
11948 12867
11949 12762
11951 12604
11953 12226
11954 12281
11955 12404
11957 12868
11961 12739
11963 12436
11965 12121
11966 12221
11967 12437
11973 12620
11974 12093
11975 12548
11976 12260
11980 12662
11981 12447
11982 12335
11983 12355
11984 12563
11986 12152
11987 12851
11988 12468
11989 12784
11992 12764
11995 12153
11998 12249
12000 12916
12001 12046
12002 12858
12003 12836
12007 12773
12011 12630
12013 12690
12014 12287
12020 12596
12021 12586
12022 12808
12023 12417
12026 12084
12027 12944
12029 12905
12030 12159
12031 12295
12040 12722
12041 12444
12044 12385
12047 12778
12048 12267
12049 12840
12051 12299
12053 12763
12056 12365
12057 12561
12063 13000
12065 12843
12068 12718
12074 12923
12075 12701
12076 12606
12079 12189
12083 12918
12085 12639
12086 12259
12087 12292
12096 12825
12097 12930
12103 12218
12106 12865
12109 12913
12110 12877
12111 12600
12112 12845
12113 12970
12116 12388
12117 12235
12122 12171
12123 12487
12126 12155
12127 12280
12128 12367
12130 12676
12131 12207
12132 12628
12133 12535
12138 12975
12140 12849
12142 12888
12144 12649
12149 12471
12150 12695
12154 12953
12156 12806
12158 12670
12162 12896
12163 12783
12165 12859
12166 12972
12167 12461
12169 12433
12172 12289
12173 13079
12174 13058
12175 12906
12176 12947
12177 13029
12178 12423
12179 12242
12180 13021
12182 12988
12183 12325
12187 13070
12188 12826
12190 12751
12193 12911
12195 12363
12197 12381
12199 12887
12200 12814
12202 13005
12203 12308
12204 13036
12205 12799
12206 12590
12208 12553
12210 13064
12213 12736
12215 12321
12216 12950
12217 12824
12219 13043
12222 12538
12224 12531
12225 12602
12227 12410
12228 12935
12232 12798
12233 12258
12234 12515
12239 13150
12240 13034
12241 12687
12243 12373
12245 12760
12246 13038
12247 12679
12251 12591
12253 13127
12255 12907
12257 12523
12261 12521
12262 12948
12263 12271
12265 12526
12266 12306
12268 13027
12269 13017
12272 13047
12273 13018
12274 12566
12275 12547
12276 12874
12277 12765
12279 13164
12282 12631
12285 12467
12286 13102
12288 12861
12290 12400
12291 12842
12294 12415
12296 13055
12297 12609
12298 13080
12301 13200
12303 12819
12304 12938
12305 12897
12307 12713
12309 12578
12311 12724
12313 12349
12317 12607
12318 12979
12319 12956
12322 12532
12323 13216
12324 12463
12328 12735
12329 13111
12330 13091
12331 12838
12334 13028
12336 13100
12339 12689
12340 12954
12341 12872
12342 12549
12343 13213
12344 12850
12346 13161
12348 12995
12351 12389
12352 13230
12353 12927
12354 12829
12356 12567
12357 12782
12358 12621
12359 12654
12360 12813
12361 12550
12362 13175
12364 12647
12368 13146
12370 12569
12372 13263
12374 13292
12375 12706
12376 12392
12379 13023
12382 12656
12384 12990
12386 12800
12387 13128
12390 12811
12391 12634
12394 13188
12395 12529
12397 12890
12398 13327
12399 12898
12401 12470
12402 13088
12403 12466
12405 12757
12406 12742
12408 12809
12409 12422
12411 12632
12412 12823
12413 13153
12416 13272
12419 13290
12420 12951
12426 13237
12427 12588
12431 13278
12435 12601
12438 12871
12439 12645
12441 13340
12442 12980
12443 12993
12445 12681
12446 13350
12448 13115
12449 13057
12450 12570
12451 13138
12453 13348
12456 13329
12457 12462
12458 13140
12459 13152
12460 13283
12472 13391
12473 13328
12475 13241
12476 12504
12477 13375
12478 12573
12479 12661
12480 12691
12481 12484
12482 12533
12483 13002
12486 13277
12489 13360
12490 12603
12491 12524
12492 12534
12493 13173
12497 13307
12498 13226
12499 13086
12503 13007
12505 13280
12507 12968
12508 13014
12509 13054
12511 13258
12512 13394
12513 13251
12514 13236
12516 13352
12518 13311
12520 13381
12525 13368
12528 13463
12530 12957
12536 12610
12537 13039
12539 13224
12540 13432
12541 13041
12543 13459
12544 13442
12545 12937
12552 12749
12554 12721
12555 13291
12556 12646
12558 13354
12562 13487
12564 13159
12565 13147
12568 12748
12572 12899
12574 13293
12576 13184
12577 13222
12580 12992
12581 13012
12582 13511
12583 13489
12584 12841
12585 13143
12589 12684
12592 12599
12593 13324
12594 13125
12595 12626
12597 12608
12605 13279
12611 13212
12612 12776
12613 13192
12614 13498
12615 12892
12617 13378
12618 12770
12619 13158
12622 13056
12624 13507
12625 13165
12629 13045
12636 13141
12637 13178
12638 13544
12640 12725
12641 13050
12642 12755
12644 13525
12648 13295
12650 13297
12652 13052
12653 13523
12655 12862
12657 13513
12658 13072
12659 12989
12663 12714
12664 12743
12665 12998
12666 13362
12667 13415
12668 13252
12669 12677
12671 13448
12672 12766
12678 13210
12680 13286
12682 13267
12685 13422
12686 13187
12692 13627
12694 13020
12696 13084
12697 13456
12698 13423
12702 13170
12703 13446
12704 13060
12705 13204
12708 13633
12709 13149
12710 12894
12715 13384
12716 13582
12717 13315
12719 12758
12720 13061
12723 13652
12726 13051
12727 13524
12729 13635
12730 13313
12731 12933
12732 13229
12733 13596
12734 13454
12737 12831
12738 13257
12740 13082
12741 13349
12744 12941
12746 13033
12747 12803
12750 12769
12752 13276
12753 13154
12754 13601
12759 13450
12761 13583
12767 12878
12768 13117
12771 13518
12772 13474
12774 13087
12775 13654
12779 13681
12780 13548
12781 13330
12785 12889
12786 13522
12787 13166
12788 13565
12789 13361
12790 13145
12791 13455
12792 12883
12793 12835
12794 13062
12795 13603
12796 13452
12797 13095
12802 13338
12804 13094
12805 13124
12807 13303
12810 13304
12812 13121
12815 13441
12816 13694
12820 13680
12822 13505
12827 13550
12828 13268
12832 13661
12833 13411
12837 13207
12839 13743
12844 13302
12846 13575
12848 13386
12852 12873
12853 13701
12854 13499
12855 13775
12856 13109
12857 12973
12860 13393
12863 13429
12864 13284
12866 12926
12869 13637
12870 13009
12875 13594
12876 13529
12879 13816
12880 13356
12881 12904
12882 13549
12884 13443
12885 13673
12886 13771
12891 13787
12893 13013
12895 13156
12900 12945
12901 13265
12902 13419
12903 13832
12908 13135
12909 13714
12910 13024
12912 13737
12914 13253
12915 13600
12917 13199
12919 13479
12920 13449
12921 13769
12922 13011
12924 13723
12925 13262
12928 13560
12929 13139
12931 13466
12932 13564
12934 13807
12936 13067
12939 13657
12940 13629
12942 13688
12943 13800
12946 13270
12949 13195
12952 13705
12955 13703
12958 13076
12959 13309
12960 13597
12961 12987
12962 13738
12963 13754
12964 13711
12965 13533
12966 13425
12967 13342
12969 13572
12971 13690
12974 13811
12976 13308
12977 13829
12978 13458
12981 13388
12982 13481
12983 13580
12984 13671
12985 13553
12986 13772
12991 13821
12994 13875
12996 13891
12997 13801
12999 13696
13001 13750
13003 13326
13004 13298
13006 13608
13008 13541
13010 13809
13015 13377
13016 13765
13019 13492
13022 13590
13025 13341
13026 13957
13030 13353
13031 13371
13032 13585
13035 13092
13037 13638
13040 13871
13042 13193
13044 13300
13046 13953
13048 13620
13049 13227
13053 13098
13059 13894
13063 13584
13065 13886
13066 13073
13068 13889
13069 13804
13071 13815
13074 13243
13075 13767
13077 13434
13078 13896
13081 13803
13083 13715
13085 13929
13089 13296
13090 13467
13093 13176
13096 13776
13097 13469
13099 13420
13101 13989
13103 13954
13104 13859
13105 13702
13106 14012
13107 13563
13108 13266
13110 13854
13112 13363
13113 14016
13114 13792
13116 13202
13118 14014
13119 13819
13120 13528
13122 13579
13123 13656
13126 13208
13129 13973
13130 13893
13131 14033
13132 13831
13133 13343
13134 14003
13136 13758
13137 13217
13142 13649
13144 13519
13148 13683
13151 13779
13155 13663
13157 13400
13160 13860
13162 13468
13163 13430
13167 13403
13168 13676
13169 13903
13171 14051
13172 13753
13174 13636
13177 13812
13179 14021
13180 13602
13181 13631
13182 13759
13183 13704
13185 14061
13186 13814
13189 13509
13190 13848
13191 13244
13194 13558
13196 14041
13197 13366
13198 13736
13201 13798
13203 13332
13205 13902
13206 13782
13209 13697
13211 13538
13214 13417
13215 13872
13218 13497
13219 13669
13220 13849
13221 13861
13223 13445
13225 14026
13228 13320
13231 13719
13232 13573
13233 13249
13234 14044
13235 14120
13238 14036
13239 14163
13240 13975
13242 14092
13245 13339
13246 13476
13247 14121
13248 13435
13250 14165
13254 14184
13255 13520
13256 13757
13259 13918
13260 13396
13261 13964
13264 13907
13269 14040
13271 13862
13273 13729
13274 13667
13275 13557
13281 13461
13282 13555
13285 14087
13287 14103
13288 14200
13289 13325
13294 13806
13299 13512
13301 13577
13305 13390
13306 13383
13310 13618
13312 13838
13314 13322
13316 14029
13317 14119
13318 13418
13319 13335
13321 13791
13323 14214
13331 13380
13333 13613
13334 13786
13336 14229
13337 13739
13344 13367
13345 14210
13346 13706
13347 13828
13351 14227
13355 14062
13357 14178
13358 13972
13359 13836
13364 13645
13365 13647
13369 14220
13370 14025
13372 13934
13373 13900
13374 14132
13376 14285
13379 14212
13382 14171
13385 13919
13387 13770
13389 13471
13392 13619
13395 13447
13397 13501
13398 13416
13399 13571
13401 14098
13402 13428
13404 14317
13405 14239
13406 13868
13407 13687
13408 13532
13409 13569
13410 13734
13412 13887
13413 14340
13414 13926
13421 13943
13424 13966
13426 14292
13427 13644
13431 13941
13433 13856
13436 14327
13437 13609
13438 13784
13439 13985
13440 13970
13444 13612
13451 13965
13453 14144
13457 14152
13460 13766
13462 14049
13464 13625
13465 13924
13470 14089
13472 14204
13473 13944
13475 13936
13477 13967
13478 13556
13480 13882
13482 13664
13483 13568
13484 13677
13485 13855
13486 13672
13488 13504
13490 14264
13491 13621
13493 13982
13494 13851
13495 14216
13496 14125
13500 14350
13502 13760
13503 14038
13506 14424
13508 13789
13510 14095
13514 14378
13515 14196
13516 14351
13517 14296
13521 13959
13526 13700
13527 14001
13530 13674
13531 13722
13534 14435
13535 14022
13536 14058
13537 14173
13539 14232
13540 13920
13542 14391
13543 14031
13545 13858
13546 14097
13547 13684
13551 13810
13552 14406
13554 14489
13559 14343
13561 13933
13562 14334
13566 14386
13567 14203
13570 14396
13574 14274
13576 14360
13578 14002
13581 13745
13586 14270
13587 14519
13588 14145
13589 14278
13591 14329
13592 14434
13593 13651
13595 14380
13598 13923
13599 14149
13604 13727
13605 13999
13606 13873
13607 14020
13610 14255
13611 14209
13614 14352
13615 14328
13616 14075
13617 14359
13622 13909
13623 14452
13624 14451
13626 13932
13628 14468
13630 14552
13632 14326
13634 14566
13639 14529
13640 14544
13641 14236
13642 14465
13643 14261
13646 13741
13648 14238
13650 13837
13653 13913
13655 14072
13658 14440
13659 14525
13660 14394
13662 14488
13665 14179
13666 14412
13668 13728
13670 14306
13675 14539
13678 14085
13679 14389
13682 13857
13685 14562
13686 14169
13689 14246
13691 14387
13692 13911
13693 14148
13695 14140
13698 14534
13699 14392
13707 14153
13708 14348
13709 14518
13710 14590
13712 14335
13713 14482
13716 14461
13717 13825
13718 14172
13720 14633
13721 13947
13724 14538
13725 13747
13726 13853
13730 13824
13731 14622
13732 14647
13733 14514
13735 14397
13740 14355
13742 14077
13744 14619
13746 14155
13748 14384
13749 14101
13751 14176
13752 14559
13755 14408
13756 14284
13761 14088
13762 13834
13763 14574
13764 14569
13768 14570
13773 14684
13774 13981
13777 14297
13778 14069
13780 14059
13781 14657
13783 14454
13785 14258
13788 14175
13790 14015
13793 14492
13794 14339
13795 13808
13796 14056
13797 14426
13799 14416
13802 14314
13805 14432
13813 14116
13817 14732
13818 14266
13820 14442
13822 14700
13823 14598
13826 14580
13827 14414
13830 14715
13833 13884
13835 14102
13839 14709
13840 14509
13841 14368
13842 14404
13843 13993
13844 13908
13845 14499
13846 14680
13847 14136
13850 14760
13852 14669
13863 14081
13864 14060
13865 14632
13866 14696
13867 14608
13869 14794
13870 14779
13874 14064
13876 14810
13877 14477
13878 13984
13879 13960
13880 14388
13881 14751
13883 14635
13885 14186
13888 14332
13890 14685
13892 14803
13895 14218
13897 14541
13898 14736
13899 14797
13901 14138
13904 14231
13905 14644
13906 14000
13910 14637
13912 14083
13914 14845
13915 14654
13916 14506
13917 14303
13921 14211
13922 14202
13925 14420
13927 14108
13928 14374
13930 14361
13931 14741
13935 14761
13937 14137
13938 14082
13939 14796
13940 14291
13942 14159
13945 14157
13946 14871
13948 14039
13949 14505
13950 14080
13951 14230
13952 14146
13955 14162
13956 14226
13958 14568
13961 14324
13962 14123
13963 14023
13968 14710
13969 14612
13971 14193
13974 14551
13976 14892
13977 14730
13978 14287
13979 14441
13980 13995
13983 14362
13986 14473
13987 14592
13988 14273
13990 14817
13991 14814
13992 14614
13994 14470
13996 14526
13997 14885
13998 14927
14004 14487
14005 14188
14006 14616
14007 14167
14008 14929
14009 14840
14010 14690
14011 14429
14013 14249
14017 14242
14018 14788
14019 14301
14024 14079
14027 14283
14028 14316
14030 14861
14032 14904
14034 14868
14035 14920
14037 14881
14042 14931
14043 14512
14045 14129
14046 14331
14047 14873
14048 14895
14050 14593
14052 14848
14053 14486
14054 14502
14055 14636
14057 14916
14063 14806
14065 14774
14066 14611
14067 14784
14068 14094
14070 14740
14071 14743
14073 14987
14074 14100
14076 14528
14078 14190
14084 14427
14086 14663
14090 14503
14091 14131
14093 14816
14096 14223
14099 14370
14104 14617
14105 14961
14106 14902
14107 14364
14109 14588
14110 14675
14111 14219
14112 14867
14113 14878
14114 14823
14115 14187
14117 14734
14118 14545
14122 14832
14124 14604
14126 14825
14127 14358
14128 14504
14130 14567
14133 14821
14134 14257
14135 14571
14139 14286
14141 14459
14142 14763
14143 14599
14147 14532
14150 14587
14151 14573
14154 14854
14156 14618
14158 14641
14160 14199
14161 14974
14164 14549
14166 14792
14168 14421
14170 14679
14174 14988
14177 14302
14180 14937
14181 14941
14182 14724
14183 14753
14185 14596
14189 14831
14191 14195
14192 14805
14194 14208
14197 14919
14198 14726
14201 14322
14205 14369
14206 14479
14207 14951
14213 14480
14215 14837
14217 14501
14221 14422
14222 14510
14224 14535
14225 14932
14228 14310
14233 14652
14234 14550
14235 14884
14237 14298
14240 14728
14241 14737
14243 14401
14244 14655
14245 14377
14247 14319
14248 14260
14250 14707
14251 14964
14252 14602
14253 14747
14254 14438
14256 14905
14259 14899
14262 14844
14263 14609
14265 14639
14267 14363
14268 14533
14269 14986
14271 14672
14272 14765
14275 14595
14276 14661
14277 14778
14279 14498
14280 14385
14281 14475
14282 14347
14288 14876
14289 14875
14290 14584
14293 14585
14294 14739
14295 14990
14299 14842
14300 14586
14304 14834
14305 14407
14307 14330
14308 14865
14309 14606
14311 14656
14312 14344
14313 14472
14315 14764
14318 14398
14320 14771
14321 14466
14323 14824
14325 14462
14333 14623
14336 14453
14337 14582
14338 14342
14341 14846
14345 14909
14346 14393
14349 14717
14353 14548
14354 14762
14356 14745
14357 14469
14365 14546
14366 14924
14367 14706
14371 14591
14372 14917
14373 14914
14375 14560
14376 14628
14379 14508
14381 14718
14382 14758
14383 14649
14390 14969
14395 14594
14399 14853
14400 14430
14402 14782
14403 14589
14405 14450
14409 14581
14410 14959
14411 14692
14413 14983
14415 14467
14417 14446
14418 14423
14419 14903
14425 14733
14428 14869
14431 14521
14433 14856
14436 14721
14437 14694
14439 14910
14443 14863
14444 14773
14445 14527
14447 14843
14448 14786
14449 14936
14455 14888
14456 14989
14457 14849
14458 14670
14460 14547
14463 14583
14464 14775
14471 14874
14474 14757
14476 14995
14478 14770
14481 14750
14483 14830
14484 14766
14485 14755
14490 14681
14491 14935
14493 14893
14494 14887
14495 14693
14496 14626
14497 14759
14500 14664
14507 14624
14511 14858
14513 14896
14515 14886
14516 14847
14517 14676
14520 14561
14522 14648
14523 14781
14524 14621
14530 14966
14531 14872
14536 14731
14537 14992
14540 14543
14542 14799
14553 14820
14554 14998
14555 14682
14556 14851
14557 14576
14558 14957
14563 14787
14564 14605
14565 14754
14572 14811
14575 14827
14577 14970
14578 14729
14579 14967
14597 14642
14600 14938
14601 14864
14603 14911
14607 14705
14610 14742
14613 14880
14615 14898
14620 14857
14625 14997
14627 14660
14629 14777
14630 14955
14631 14839
14634 14907
14638 14727
14640 14947
14643 14678
14645 14985
14646 14944
14650 14999
14651 14978
14653 14659
14658 14981
14662 14921
14665 14943
14666 14866
14667 14952
14668 14749
14671 14711
14673 14977
14674 14683
14677 14925
14686 14695
14687 14933
14688 14826
14689 14836
14691 14915
14697 14744
14698 14838
14699 14852
14701 14748
14702 14719
14703 14949
14704 14906
14708 14958
14712 14795
14713 14716
14714 14948
14720 14984
14722 14791
14723 14780
14725 14930
14735 14950
14738 14926
14746 14752
14756 14968
14767 14963
14768 14954
14769 14973
14772 14891
14776 14900
14783 14982
14785 14802
14789 14942
14790 14971
14793 14841
14798 14855
14800 14923
14801 14913
14804 14939
14807 14993
14808 14965
14809 14975
14812 14956
14813 14879
14815 14877
14818 14934
14819 14972
14822 14996
14828 14908
14829 14901
14833 14953
14835 14946
14850 14945
14859 14962
14860 14912
14862 14940
14870 14890
14882 14922
14883 14894
14889 14960
14897 14979
14918 14976
14928 14980
14991 14994
