5000
0 15
1 12
2 11
3 16
4 17
5 20
6 8
7 18
9 28
10 27
13 24
14 21
19 23
22 33
25 43
26 31
29 44
30 37
32 48
34 46
35 45
36 50
38 53
39 40
41 56
42 62
47 57
49 51
52 71
54 61
55 66
58 70
59 76
60 65
63 81
64 78
67 74
68 86
69 79
72 89
73 92
75 84
77 93
80 96
82 97
83 88
85 98
87 90
91 102
94 108
95 114
99 101
100 104
103 118
105 106
107 123
109 127
110 128
111 122
112 125
113 126
115 132
116 119
117 135
120 124
121 137
129 134
130 133
131 147
136 151
138 150
139 152
140 156
141 155
142 160
143 144
145 149
146 162
148 166
153 168
154 164
157 169
158 159
161 167
163 179
165 171
170 190
172 175
173 192
174 185
176 180
177 188
178 187
181 191
182 202
183 189
184 194
186 201
193 208
195 203
196 200
197 210
198 206
199 205
204 224
207 213
209 220
211 214
212 228
215 227
216 235
217 234
218 237
219 225
221 239
222 232
223 241
226 230
229 245
231 240
233 242
236 256
238 246
243 258
244 259
247 248
249 266
250 260
251 262
252 263
253 273
254 271
255 268
257 261
264 275
265 278
267 277
269 272
270 283
274 287
276 295
279 296
280 289
281 286
282 298
284 285
288 291
290 303
292 300
293 302
294 307
297 308
299 314
301 306
304 311
305 312
309 310
313 326
315 330
316 323
317 328
318 327
319 322
320 324
321 334
325 335
329 347
331 332
333 344
336 353
337 340
338 342
339 352
341 358
343 362
345 351
346 360
348 350
349 357
354 371
355 368
356 374
359 379
361 373
363 365
364 377
366 382
367 387
369 370
372 392
375 383
376 381
378 398
380 391
384 403
385 400
386 394
388 396
389 408
390 406
393 405
395 409
397 414
399 416
401 415
402 419
404 407
410 422
411 431
412 413
417 437
418 420
421 439
423 438
424 430
425 441
426 434
427 436
428 443
429 442
432 445
433 447
435 453
440 450
444 459
446 451
448 457
449 464
452 455
454 468
456 471
458 467
460 472
461 478
462 473
463 470
465 479
466 469
474 489
475 481
476 496
477 487
480 483
482 498
484 503
485 494
486 502
488 490
491 510
492 495
493 511
497 507
499 504
500 505
501 517
506 516
508 515
509 523
512 520
513 532
514 524
518 535
519 531
521 536
522 542
525 540
526 543
527 544
528 548
529 539
530 534
533 545
537 555
538 541
546 562
547 551
549 556
550 552
553 557
554 574
558 560
559 576
561 571
563 578
564 581
565 569
566 584
567 579
568 582
570 583
572 580
573 588
575 589
577 585
586 596
587 593
590 603
591 609
592 611
594 613
595 597
598 605
599 607
600 615
601 604
602 618
606 617
608 627
610 628
612 632
614 621
616 635
619 630
620 640
622 624
623 625
626 645
629 648
631 647
633 641
634 642
636 650
637 643
638 654
639 658
644 664
646 656
649 653
651 668
652 671
655 669
657 673
659 675
660 665
661 677
662 682
663 674
666 678
667 680
670 683
672 690
676 695
679 696
681 701
684 686
685 699
687 693
688 704
689 707
691 710
692 703
694 705
697 712
698 711
700 719
702 718
706 725
708 714
709 728
713 717
715 723
716 733
720 732
721 735
722 741
724 738
726 736
727 745
729 734
730 737
731 740
739 755
742 758
743 760
744 756
746 759
747 765
748 750
749 757
751 766
752 772
753 771
754 768
761 779
762 777
763 775
764 776
767 769
770 787
773 788
774 783
778 780
781 797
782 798
784 803
785 790
786 800
789 805
791 804
792 802
793 799
794 796
795 807
801 818
806 817
808 826
809 821
810 828
811 830
812 814
813 823
815 816
819 833
820 822
824 843
825 834
827 832
829 845
831 835
836 847
837 844
838 855
839 846
840 856
841 852
842 861
848 858
849 853
850 860
851 862
854 864
857 863
859 873
865 872
866 870
867 880
868 869
871 876
874 887
875 891
877 884
878 881
879 883
882 893
885 902
886 895
888 899
889 905
890 900
892 894
896 910
897 898
901 920
903 918
904 906
907 926
908 923
909 928
911 929
912 917
913 925
914 919
915 931
916 934
921 936
922 933
924 942
927 939
930 935
932 940
937 943
938 948
941 954
944 951
945 962
946 964
947 949
950 957
952 968
953 958
955 959
956 967
960 965
961 970
963 966
969 977
971 978
972 987
973 975
974 982
976 993
979 983
980 990
981 999
984 1004
985 1005
986 995
988 996
989 1001
991 1007
992 1012
994 1010
997 1015
998 1011
1000 1006
1002 1021
1003 1017
1008 1014
1009 1026
1013 1027
1016 1029
1018 1028
1019 1033
1020 1032
1022 1040
1023 1025
1024 1043
1030 1048
1031 1039
1034 1052
1035 1051
1036 1047
1037 1054
1038 1057
1041 1055
1042 1053
1044 1060
1045 1046
1049 1066
1050 1064
1056 1076
1058 1063
1059 1061
1062 1081
1065 1068
1067 1079
1069 1088
1070 1085
1071 1072
1073 1089
1074 1086
1075 1078
1077 1082
1080 1092
1083 1097
1084 1094
1087 1090
1091 1099
1093 1098
1095 1111
1096 1116
1100 1109
1101 1104
1102 1118
1103 1107
1105 1110
1106 1125
1108 1119
1112 1120
1113 1128
1114 1121
1115 1129
1117 1136
1122 1141
1123 1139
1124 1137
1126 1142
1127 1135
1130 1138
1131 1151
1132 1146
1133 1143
1134 1149
1140 1156
1144 1157
1145 1155
1147 1153
1148 1154
1150 1165
1152 1161
1158 1167
1159 1168
1160 1172
1162 1173
1163 1174
1164 1170
1166 1175
1169 1179
1171 1178
1176 1183
1177 1194
1180 1190
1181 1184
1182 1200
1185 1201
1186 1203
1187 1198
1188 1196
1189 1208
1191 1193
1192 1205
1195 1202
1197 1206
1199 1219
1204 1213
1207 1211
1209 1224
1210 1217
1212 1223
1214 1232
1215 1229
1216 1225
1218 1236
1220 1239
1221 1228
1222 1231
1226 1238
1227 1240
1230 1243
1233 1250
1234 1246
1235 1248
1237 1253
1241 1260
1242 1254
1244 1252
1245 1263
1247 1265
1249 1257
1251 1266
1255 1270
1256 1272
1258 1269
1259 1277
1261 1267
1262 1276
1264 1273
1268 1282
1271 1281
1274 1283
1275 1290
1278 1294
1279 1296
1280 1298
1284 1291
1285 1302
1286 1293
1287 1292
1288 1305
1289 1299
1295 1311
1297 1312
1300 1309
1301 1315
1303 1306
1304 1323
1307 1314
1308 1316
1310 1321
1313 1322
1317 1333
1318 1320
1319 1336
1324 1334
1325 1332
1326 1344
1327 1347
1328 1341
1329 1345
1330 1335
1331 1350
1337 1357
1338 1358
1339 1352
1340 1354
1342 1348
1343 1359
1346 1353
1349 1365
1351 1364
1355 1360
1356 1375
1361 1379
1362 1363
1366 1370
1367 1368
1369 1378
1371 1389
1372 1376
1373 1380
1374 1386
1377 1384
1381 1401
1382 1402
1383 1391
1385 1403
1387 1395
1388 1394
1390 1397
1392 1407
1393 1412
1396 1409
1398 1413
1399 1419
1400 1420
1404 1418
1405 1416
1406 1410
1408 1415
1411 1428
1414 1434
1417 1426
1421 1440
1422 1431
1423 1437
1424 1429
1425 1443
1427 1433
1430 1441
1432 1451
1435 1436
1438 1457
1439 1447
1442 1450
1444 1446
1445 1460
1448 1459
1449 1467
1452 1466
1453 1471
1454 1468
1455 1469
1456 1461
1458 1475
1462 1478
1463 1479
1464 1482
1465 1481
1470 1488
1472 1487
1473 1490
1474 1483
1476 1496
1477 1491
1480 1500
1484 1493
1485 1489
1486 1503
1492 1501
1494 1506
1495 1508
1497 1513
1498 1505
1499 1511
1502 1504
1507 1521
1509 1527
1510 1530
1512 1518
1514 1517
1515 1525
1516 1535
1519 1532
1520 1526
1522 1534
1523 1543
1524 1528
1529 1544
1531 1551
1533 1536
1537 1546
1538 1545
1539 1548
1540 1559
1541 1542
1547 1558
1549 1561
1550 1554
1552 1553
1555 1566
1556 1560
1557 1569
1562 1576
1563 1567
1564 1578
1565 1575
1568 1581
1570 1590
1571 1585
1572 1586
1573 1593
1574 1584
1577 1583
1579 1592
1580 1599
1582 1594
1587 1597
1588 1601
1589 1608
1591 1603
1595 1606
1596 1611
1598 1607
1600 1614
1602 1621
1604 1624
1605 1609
1610 1613
1612 1628
1615 1618
1616 1633
1617 1636
1619 1626
1620 1627
1622 1632
1623 1625
1629 1631
1630 1647
1634 1643
1635 1639
1637 1646
1638 1656
1640 1659
1641 1644
1642 1645
1648 1668
1649 1661
1650 1665
1651 1664
1652 1671
1653 1655
1654 1674
1657 1669
1658 1676
1660 1677
1662 1667
1663 1678
1666 1683
1670 1690
1672 1675
1673 1682
1679 1684
1680 1689
1681 1696
1685 1692
1686 1704
1687 1698
1688 1708
1691 1693
1694 1706
1695 1711
1697 1715
1699 1712
1700 1713
1701 1718
1702 1721
1703 1709
1705 1716
1707 1723
1710 1720
1714 1717
1719 1734
1722 1729
1724 1740
1725 1745
1726 1746
1727 1741
1728 1742
1730 1749
1731 1750
1732 1735
1733 1737
1736 1744
1738 1758
1739 1756
1743 1753
1747 1755
1748 1765
1751 1754
1752 1763
1757 1762
1759 1760
1761 1771
1764 1778
1766 1773
1767 1779
1768 1769
1770 1776
1772 1777
1774 1794
1775 1780
1781 1784
1782 1786
1783 1788
1785 1791
1787 1796
1789 1807
1790 1800
1792 1798
1793 1812
1795 1803
1797 1805
1799 1810
1801 1808
1802 1806
1804 1811
1809 1819
1813 1815
1814 1827
1816 1826
1817 1835
1818 1824
1820 1828
1821 1829
1822 1842
1823 1832
1825 1841
1830 1846
1831 1837
1833 1853
1834 1840
1836 1855
1838 1856
1839 1858
1843 1849
1844 1859
1845 1865
1847 1862
1848 1857
1850 1854
1851 1868
1852 1861
1860 1864
1863 1879
1866 1871
1867 1878
1869 1872
1870 1876
1873 1887
1874 1894
1875 1882
1877 1892
1880 1899
1881 1889
1883 1886
1884 1890
1885 1896
1888 1900
1891 1902
1893 1905
1895 1904
1897 1917
1898 1906
1901 1913
1903 1915
1907 1927
1908 1925
1909 1910
1911 1918
1912 1914
1916 1929
1919 1934
1920 1936
1921 1923
1922 1928
1924 1937
1926 1943
1930 1940
1931 1949
1932 1935
1933 1945
1938 1944
1939 1954
1941 1942
1946 1948
1947 1967
1950 1962
1951 1964
1952 1955
1953 1958
1956 1963
1957 1968
1959 1960
1961 1973
1965 1984
1966 1975
1969 1977
1970 1983
1971 1978
1972 1986
1974 1987
1976 1982
1979 1996
1980 1990
1981 1993
1985 1997
1988 2003
1989 2004
1991 2009
1992 2011
1994 2000
1995 2010
1998 2013
1999 2016
2001 2021
2002 2019
2005 2022
2006 2023
2007 2015
2008 2028
2012 2014
2017 2035
2018 2034
2020 2031
2024 2033
2025 2038
2026 2036
2027 2046
2029 2048
2030 2040
2032 2049
2037 2055
2039 2044
2041 2058
2042 2060
2043 2047
2045 2059
2050 2065
2051 2054
2052 2072
2053 2057
2056 2066
2061 2075
2062 2074
2063 2073
2064 2084
2067 2069
2068 2087
2070 2077
2071 2081
2076 2089
2078 2080
2079 2088
2082 2098
2083 2096
2085 2101
2086 2095
2090 2097
2091 2103
2092 2099
2093 2094
2100 2112
2102 2109
2104 2108
2105 2113
2106 2110
2107 2116
2111 2126
2114 2122
2115 2132
2117 2119
2118 2123
2120 2130
2121 2127
2124 2131
2125 2134
2128 2147
2129 2142
2133 2138
2135 2149
2136 2148
2137 2139
2140 2156
2141 2161
2143 2158
2144 2160
2145 2159
2146 2155
2150 2154
2151 2166
2152 2157
2153 2165
2162 2179
2163 2164
2167 2187
2168 2176
2169 2170
2171 2180
2172 2182
2173 2184
2174 2183
2175 2192
2177 2190
2178 2181
2185 2196
2186 2205
2188 2204
2189 2195
2191 2202
2193 2208
2194 2201
2197 2213
2198 2199
2200 2218
2203 2206
2207 2220
2209 2228
2210 2217
2211 2212
2214 2223
2215 2234
2216 2225
2219 2229
2221 2227
2222 2241
2224 2238
2226 2235
2230 2244
2231 2247
2232 2237
2233 2249
2236 2252
2239 2246
2240 2254
2242 2258
2243 2257
2245 2262
2248 2264
2250 2269
2251 2266
2253 2259
2255 2263
2256 2271
2260 2280
2261 2276
2265 2267
2268 2287
2270 2281
2272 2278
2273 2286
2274 2279
2275 2291
2277 2293
2282 2292
2283 2301
2284 2303
2285 2290
2288 2295
2289 2299
2294 2297
2296 2308
2298 2304
2300 2312
2302 2319
2305 2310
2306 2314
2307 2311
2309 2317
2313 2318
2315 2330
2316 2331
2320 2336
2321 2335
2322 2337
2323 2338
2324 2334
2325 2332
2326 2342
2327 2344
2328 2345
2329 2341
2333 2348
2339 2346
2340 2359
2343 2361
2347 2365
2349 2352
2350 2355
2351 2366
2353 2357
2354 2358
2356 2364
2360 2377
2362 2378
2363 2375
2367 2371
2368 2387
2369 2376
2370 2381
2372 2385
2373 2374
2379 2397
2380 2395
2382 2402
2383 2388
2384 2392
2386 2390
2389 2408
2391 2396
2393 2401
2394 2399
2398 2418
2400 2404
2403 2419
2405 2409
2406 2411
2407 2415
2410 2414
2412 2426
2413 2417
2416 2422
2420 2428
2421 2437
2423 2430
2424 2439
2425 2434
2427 2444
2429 2446
2431 2435
2432 2448
2433 2445
2436 2440
2438 2454
2441 2453
2442 2455
2443 2463
2447 2452
2449 2466
2450 2458
2451 2462
2456 2467
2457 2477
2459 2476
2460 2471
2461 2479
2464 2482
2465 2484
2468 2486
2469 2488
2470 2473
2472 2478
2474 2493
2475 2490
2480 2497
2481 2498
2483 2494
2485 2501
2487 2503
2489 2500
2491 2496
2492 2495
2499 2514
2502 2507
2504 2505
2506 2510
2508 2521
2509 2522
2511 2515
2512 2528
2513 2523
2516 2518
2517 2532
2519 2525
2520 2531
2524 2539
2526 2529
2527 2547
2530 2541
2533 2550
2534 2551
2535 2552
2536 2543
2537 2554
2538 2546
2540 2555
2542 2561
2544 2564
2545 2548
2549 2556
2553 2571
2557 2567
2558 2562
2559 2576
2560 2569
2563 2573
2565 2580
2566 2582
2568 2585
2570 2572
2574 2589
2575 2591
2577 2590
2578 2584
2579 2593
2581 2588
2583 2594
2586 2600
2587 2606
2592 2598
2595 2599
2596 2613
2597 2605
2601 2617
2602 2614
2603 2623
2604 2624
2607 2608
2609 2610
2611 2616
2612 2618
2615 2620
2619 2628
2621 2634
2622 2626
2625 2639
2627 2630
2629 2636
2631 2651
2632 2641
2633 2647
2635 2653
2637 2655
2638 2640
2642 2662
2643 2654
2644 2649
2645 2657
2646 2658
2648 2663
2650 2652
2656 2667
2659 2670
2660 2666
2661 2669
2664 2680
2665 2677
2668 2676
2671 2685
2672 2673
2674 2681
2675 2687
2678 2697
2679 2696
2682 2698
2683 2688
2684 2695
2686 2706
2689 2702
2690 2707
2691 2693
2692 2709
2694 2705
2699 2701
2700 2717
2703 2723
2704 2722
2708 2711
2710 2728
2712 2726
2713 2730
2714 2725
2715 2727
2716 2718
2719 2737
2720 2732
2721 2735
2724 2742
2729 2746
2731 2744
2733 2749
2734 2739
2736 2745
2738 2758
2740 2760
2741 2752
2743 2762
2747 2754
2748 2759
2750 2763
2751 2770
2753 2764
2755 2766
2756 2772
2757 2765
2761 2779
2767 2775
2768 2773
2769 2789
2771 2788
2774 2792
2776 2787
2777 2784
2778 2785
2780 2800
2781 2801
2782 2798
2783 2799
2786 2790
2791 2807
2793 2804
2794 2811
2795 2815
2796 2809
2797 2813
2802 2814
2803 2823
2805 2824
2806 2817
2808 2825
2810 2821
2812 2829
2816 2835
2818 2830
2819 2822
2820 2837
2826 2832
2827 2828
2831 2845
2833 2849
2834 2848
2836 2843
2838 2854
2839 2841
2840 2857
2842 2853
2844 2861
2846 2858
2847 2851
2850 2863
2852 2871
2855 2860
2856 2862
2859 2870
2864 2881
2865 2869
2866 2880
2867 2876
2868 2887
2872 2891
2873 2877
2874 2888
2875 2879
2878 2896
2882 2886
2883 2899
2884 2903
2885 2890
2889 2907
2892 2901
2893 2895
2894 2909
2897 2902
2898 2904
2900 2920
2905 2910
2906 2908
2911 2921
2912 2923
2913 2933
2914 2924
2915 2918
2916 2934
2917 2935
2919 2922
2925 2927
2926 2943
2928 2929
2930 2941
2931 2948
2932 2937
2936 2942
2938 2955
2939 2958
2940 2947
2944 2959
2945 2953
2946 2966
2949 2954
2950 2963
2951 2961
2952 2960
2956 2965
2957 2976
2962 2980
2964 2978
2967 2969
2968 2972
2970 2971
2973 2985
2974 2981
2975 2982
2977 2979
2983 2988
2984 2996
2986 2992
2987 3006
2989 2998
2990 2991
2993 3001
2994 3014
2995 3000
2997 3016
2999 3012
3002 3005
3003 3010
3004 3009
3007 3026
3008 3011
3013 3018
3015 3019
3017 3024
3020 3030
3021 3022
3023 3031
3025 3040
3027 3036
3028 3047
3029 3046
3032 3042
3033 3053
3034 3044
3035 3043
3037 3056
3038 3050
3039 3054
3041 3061
3045 3051
3048 3060
3049 3068
3052 3059
3055 3062
3057 3067
3058 3073
3063 3064
3065 3085
3066 3083
3069 3081
3070 3080
3071 3091
3072 3088
3074 3089
3075 3076
3077 3090
3078 3098
3079 3086
3082 3092
3084 3100
3087 3096
3093 3110
3094 3114
3095 3111
3097 3099
3101 3116
3102 3113
3103 3107
3104 3117
3105 3125
3106 3119
3108 3122
3109 3120
3112 3127
3115 3133
3118 3130
3121 3129
3123 3135
3124 3139
3126 3146
3128 3140
3131 3137
3132 3148
3134 3154
3136 3143
3138 3153
3141 3142
3144 3159
3145 3164
3147 3149
3150 3170
3151 3152
3155 3160
3156 3163
3157 3165
3158 3161
3162 3175
3166 3185
3167 3176
3168 3187
3169 3186
3171 3189
3172 3184
3173 3181
3174 3190
3177 3183
3178 3197
3179 3194
3180 3193
3182 3188
3191 3210
3192 3212
3195 3208
3196 3201
3198 3204
3199 3200
3202 3211
3203 3216
3205 3218
3206 3209
3207 3223
3213 3217
3214 3219
3215 3221
3220 3233
3222 3242
3224 3237
3225 3241
3226 3243
3227 3235
3228 3246
3229 3239
3230 3234
3231 3238
3232 3249
3236 3254
3240 3250
3244 3262
3245 3247
3248 3260
3251 3257
3252 3263
3253 3266
3255 3264
3256 3271
3258 3272
3259 3267
3261 3281
3265 3269
3268 3278
3270 3285
3273 3290
3274 3294
3275 3287
3276 3279
3277 3288
3280 3284
3282 3295
3283 3292
3286 3305
3289 3301
3291 3296
3293 3312
3297 3316
3298 3307
3299 3318
3300 3314
3302 3308
3303 3319
3304 3313
3306 3323
3309 3327
3310 3328
3311 3322
3315 3330
3317 3325
3320 3334
3321 3331
3324 3332
3326 3346
3329 3345
3333 3343
3335 3340
3336 3350
3337 3351
3338 3357
3339 3358
3341 3355
3342 3359
3344 3348
3347 3360
3349 3354
3352 3371
3353 3368
3356 3375
3361 3381
3362 3376
3363 3383
3364 3372
3365 3385
3366 3379
3367 3378
3369 3380
3370 3373
3374 3386
3377 3382
3384 3397
3387 3396
3388 3405
3389 3393
3390 3400
3391 3406
3392 3411
3394 3409
3395 3398
3399 3419
3401 3407
3402 3422
3403 3415
3404 3424
3408 3426
3410 3430
3412 3427
3413 3429
3414 3423
3416 3420
3417 3437
3418 3421
3425 3431
3428 3445
3432 3450
3433 3448
3434 3444
3435 3455
3436 3443
3438 3439
3440 3451
3441 3456
3442 3458
3446 3463
3447 3452
3449 3469
3453 3467
3454 3466
3457 3459
3460 3476
3461 3470
3462 3474
3464 3481
3465 3478
3468 3480
3471 3490
3472 3482
3473 3492
3475 3479
3477 3483
3484 3503
3485 3497
3486 3499
3487 3501
3488 3494
3489 3509
3491 3500
3493 3496
3495 3515
3498 3508
3502 3510
3504 3512
3505 3524
3506 3519
3507 3523
3511 3528
3513 3517
3514 3521
3516 3526
3518 3538
3520 3530
3522 3525
3527 3531
3529 3545
3532 3542
3533 3552
3534 3546
3535 3543
3536 3539
3537 3554
3540 3549
3541 3558
3544 3561
3547 3555
3548 3550
3551 3569
3553 3570
3556 3575
3557 3568
3559 3565
3560 3578
3562 3580
3563 3574
3564 3584
3566 3581
3567 3572
3571 3582
3573 3589
3576 3595
3577 3588
3579 3598
3583 3601
3585 3594
3586 3597
3587 3603
3590 3604
3591 3609
3592 3607
3593 3596
3599 3611
3600 3608
3602 3606
3605 3613
3610 3615
3612 3631
3614 3623
3616 3634
3617 3625
3618 3627
3619 3636
3620 3624
3621 3633
3622 3626
3628 3637
3629 3649
3630 3641
3632 3652
3635 3642
3638 3644
3639 3659
3640 3648
3643 3660
3645 3647
3646 3654
3650 3655
3651 3656
3653 3666
3657 3675
3658 3674
3661 3670
3662 3667
3663 3677
3664 3671
3665 3672
3668 3686
3669 3688
3673 3683
3676 3678
3679 3692
3680 3684
3681 3700
3682 3695
3685 3697
3687 3703
3689 3708
3690 3702
3691 3696
3693 3694
3698 3704
3699 3713
3701 3709
3705 3721
3706 3726
3707 3723
3710 3730
3711 3712
3714 3716
3715 3719
3717 3734
3718 3729
3720 3731
3722 3732
3724 3739
3725 3733
3727 3735
3728 3745
3736 3746
3737 3752
3738 3751
3740 3749
3741 3750
3742 3753
3743 3756
3744 3761
3747 3758
3748 3764
3754 3759
3755 3771
3757 3766
3760 3773
3762 3780
3763 3770
3765 3777
3767 3782
3768 3776
3769 3775
3772 3784
3774 3788
3778 3795
3779 3789
3781 3786
3783 3785
3787 3800
3790 3803
3791 3806
3792 3810
3793 3805
3794 3804
3796 3813
3797 3817
3798 3812
3799 3814
3801 3809
3802 3816
3807 3827
3808 3826
3811 3819
3815 3823
3818 3829
3820 3825
3821 3838
3822 3836
3824 3835
3828 3840
3830 3850
3831 3848
3832 3847
3833 3843
3834 3846
3837 3857
3839 3858
3841 3844
3842 3851
3845 3853
3849 3867
3852 3861
3854 3864
3855 3863
3856 3872
3859 3860
3862 3880
3865 3869
3866 3870
3868 3885
3871 3888
3873 3882
3874 3884
3875 3878
3876 3893
3877 3890
3879 3891
3881 3892
3883 3897
3886 3901
3887 3896
3889 3904
3894 3912
3895 3908
3898 3906
3899 3916
3900 3905
3902 3917
3903 3915
3907 3924
3909 3929
3910 3914
3911 3928
3913 3925
3918 3927
3919 3930
3920 3932
3921 3935
3922 3941
3923 3936
3926 3942
3931 3950
3933 3945
3934 3949
3937 3946
3938 3943
3939 3956
3940 3948
3944 3947
3951 3962
3952 3966
3953 3959
3954 3971
3955 3967
3957 3958
3960 3970
3961 3978
3963 3973
3964 3974
3965 3983
3968 3975
3969 3986
3972 3984
3976 3994
3977 3979
3980 3990
3981 3999
3982 3987
3985 4002
3988 3997
3989 4001
3991 4009
3992 4007
3993 4005
3995 4015
3996 4016
3998 4008
4000 4004
4003 4020
4006 4021
4010 4012
4011 4017
4013 4025
4014 4019
4018 4028
4022 4030
4023 4031
4024 4039
4026 4045
4027 4035
4029 4044
4032 4047
4033 4051
4034 4046
4036 4050
4037 4056
4038 4042
4040 4058
4041 4057
4043 4048
4049 4054
4052 4068
4053 4059
4055 4067
4060 4074
4061 4076
4062 4072
4063 4078
4064 4084
4065 4079
4066 4082
4069 4086
4070 4088
4071 4091
4073 4087
4075 4090
4077 4081
4080 4100
4083 4089
4085 4097
4092 4110
4093 4096
4094 4104
4095 4106
4098 4116
4099 4102
4101 4105
4103 4117
4107 4115
4108 4122
4109 4111
4112 4127
4113 4130
4114 4121
4118 4123
4119 4124
4120 4131
4125 4142
4126 4138
4128 4143
4129 4137
4132 4139
4133 4146
4134 4150
4135 4144
4136 4154
4140 4148
4141 4160
4145 4153
4147 4158
4149 4151
4152 4171
4155 4156
4157 4170
4159 4165
4161 4178
4162 4172
4163 4182
4164 4173
4166 4179
4167 4175
4168 4188
4169 4185
4174 4176
4177 4197
4180 4187
4181 4194
4183 4192
4184 4195
4186 4205
4189 4200
4190 4207
4191 4198
4193 4204
4196 4199
4201 4218
4202 4206
4203 4216
4208 4220
4209 4229
4210 4224
4211 4215
4212 4228
4213 4223
4214 4225
4217 4226
4219 4227
4221 4237
4222 4234
4230 4239
4231 4241
4232 4243
4233 4250
4235 4255
4236 4248
4238 4244
4240 4260
4242 4246
4245 4257
4247 4264
4249 4259
4251 4261
4252 4272
4253 4263
4254 4269
4256 4266
4258 4267
4262 4280
4265 4273
4268 4282
4270 4290
4271 4291
4274 4276
4275 4281
4277 4295
4278 4288
4279 4292
4283 4293
4284 4301
4285 4296
4286 4300
4287 4305
4289 4303
4294 4311
4297 4309
4298 4317
4299 4308
4302 4319
4304 4315
4306 4325
4307 4313
4310 4322
4312 4323
4314 4324
4316 4335
4318 4330
4320 4328
4321 4340
4326 4339
4327 4344
4329 4347
4331 4334
4332 4349
4333 4350
4336 4353
4337 4356
4338 4345
4341 4352
4342 4351
4343 4355
4346 4364
4348 4368
4354 4361
4357 4369
4358 4378
4359 4377
4360 4372
4362 4375
4363 4381
4365 4385
4366 4379
4367 4371
4370 4388
4373 4380
4374 4383
4376 4393
4382 4396
4384 4403
4386 4400
4387 4405
4389 4392
4390 4397
4391 4394
4395 4415
4398 4404
4399 4419
4401 4410
4402 4407
4406 4409
4408 4413
4411 4428
4412 4414
4416 4417
4418 4422
4420 4436
4421 4438
4423 4424
4425 4437
4426 4429
4427 4440
4430 4439
4431 4443
4432 4433
4434 4445
4435 4446
4441 4450
4442 4451
4444 4458
4447 4465
4448 4460
4449 4457
4452 4454
4453 4470
4455 4473
4456 4475
4459 4479
4461 4476
4462 4467
4463 4478
4464 4469
4466 4484
4468 4481
4471 4485
4472 4474
4477 4497
4480 4498
4482 4496
4483 4486
4487 4506
4488 4505
4489 4507
4490 4510
4491 4492
4493 4495
4494 4513
4499 4518
4500 4511
4501 4521
4502 4520
4503 4504
4508 4515
4509 4514
4512 4522
4516 4523
4517 4532
4519 4534
4524 4537
4525 4539
4526 4543
4527 4536
4528 4546
4529 4530
4531 4548
4533 4541
4535 4552
4538 4553
4540 4549
4542 4555
4544 4563
4545 4547
4550 4560
4551 4554
4556 4575
4557 4568
4558 4561
4559 4570
4562 4577
4564 4582
4565 4581
4566 4585
4567 4573
4569 4580
4571 4576
4572 4592
4574 4586
4578 4595
4579 4591
4583 4599
4584 4600
4587 4594
4588 4590
4589 4607
4593 4598
4596 4610
4597 4617
4601 4613
4602 4612
4603 4619
4604 4611
4605 4614
4606 4623
4608 4624
4609 4625
4615 4628
4616 4627
4618 4630
4620 4626
4621 4636
4622 4629
4631 4637
4632 4649
4633 4638
4634 4639
4635 4655
4640 4650
4641 4643
4642 4656
4644 4657
4645 4646
4647 4648
4651 4668
4652 4662
4653 4659
4654 4670
4658 4675
4660 4667
4661 4665
4663 4682
4664 4674
4666 4679
4669 4686
4671 4681
4672 4691
4673 4685
4676 4693
4677 4688
4678 4692
4680 4695
4683 4684
4687 4700
4689 4690
4694 4709
4696 4702
4697 4717
4698 4703
4699 4711
4701 4713
4704 4708
4705 4721
4706 4719
4707 4716
4710 4714
4712 4731
4715 4728
4718 4733
4720 4730
4722 4725
4723 4736
4724 4738
4726 4729
4727 4744
4732 4743
4734 4748
4735 4747
4737 4756
4739 4749
4740 4757
4741 4746
4742 4753
4745 4755
4750 4770
4751 4764
4752 4759
4754 4758
4760 4766
4761 4773
4762 4774
4763 4781
4765 4780
4767 4785
4768 4771
4769 4787
4772 4789
4775 4777
4776 4783
4778 4790
4779 4797
4782 4795
4784 4793
4786 4794
4788 4791
4792 4799
4796 4802
4798 4810
4800 4813
4801 4805
4803 4817
4804 4823
4806 4818
4807 4811
4808 4822
4809 4821
4812 4816
4814 4832
4815 4828
4819 4824
4820 4836
4825 4829
4826 4841
4827 4842
4830 4839
4831 4834
4833 4845
4835 4852
4837 4856
4838 4849
4840 4844
4843 4859
4846 4853
4847 4854
4848 4857
4850 4867
4851 4855
4858 4864
4860 4866
4861 4876
4862 4865
4863 4879
4868 4880
4869 4889
4870 4886
4871 4872
4873 4892
4874 4882
4875 4881
4877 4890
4878 4884
4883 4898
4885 4899
4887 4901
4888 4905
4891 4903
4893 4909
4894 4908
4895 4902
4896 4906
4897 4917
4900 4919
4904 4918
4907 4911
4910 4915
4912 4925
4913 4930
4914 4934
4916 4931
4920 4939
4921 4936
4922 4942
4923 4941
4924 4943
4926 4944
4927 4935
4928 4933
4929 4948
4932 4947
4937 4946
4938 4957
4940 4958
4945 4963
4949 4962
4950 4960
4951 4965
4952 4961
4953 4964
4954 4959
4955 4973
4956 4969
4966 4967
4968 4976
4970 4972
4971 4985
4974 4977
4975 4986
4978 4983
4979 4984
4980 4992
4981 4991
4982 5001
4987 4988
4989 4996
4990 4995
4993 5005
4994 5008
4997 5006
4998 5014
4999 5007
5000 5009
5002 5017
5003 5012
5004 5010
5011 5027
5013 5030
5015 5018
5016 5021
5019 5038
5020 5022
5023 5035
5024 5042
5025 5032
5026 5045
5028 5029
5031 5046
5033 5053
5034 5039
5036 5044
5037 5041
5040 5055
5043 5050
5047 5048
5049 5051
5052 5071
5054 5060
5056 5070
5057 5077
5058 5066
5059 5074
5061 5068
5062 5081
5063 5076
5064 5067
5065 5073
5069 5086
5072 5087
5075 5093
5078 5098
5079 5095
5080 5092
5082 5096
5083 5103
5084 5099
5085 5089
5088 5106
5090 5107
5091 5100
5094 5105
5097 5112
5101 5115
5102 5122
5104 5108
5109 5127
5110 5111
5113 5114
5116 5119
5117 5128
5118 5121
5120 5136
5123 5125
5124 5132
5126 5140
5129 5141
5130 5145
5131 5150
5133 5134
5135 5142
5137 5149
5138 5147
5139 5143
5144 5153
5146 5165
5148 5154
5151 5158
5152 5159
5155 5171
5156 5161
5157 5160
5162 5174
5163 5183
5164 5173
5166 5168
5167 5170
5169 5189
5172 5192
5175 5187
5176 5194
5177 5188
5178 5193
5179 5195
5180 5182
5181 5190
5184 5185
5186 5196
5191 5198
5197 5208
5199 5209
5200 5212
5201 5207
5202 5204
5203 5213
5205 5222
5206 5215
5210 5217
5211 5225
5214 5231
5216 5219
5218 5229
5220 5238
5221 5235
5223 5240
5224 5230
5226 5232
5227 5246
5228 5237
5233 5251
5234 5248
5236 5256
5239 5244
5241 5259
5242 5249
5243 5253
5245 5264
5247 5262
5250 5255
5252 5254
5257 5277
5258 5278
5260 5268
5261 5273
5263 5270
5265 5266
5267 5285
5269 5279
5271 5276
5272 5282
5274 5290
5275 5286
5280 5295
5281 5283
5284 5287
5288 5297
5289 5291
5292 5307
5293 5302
5294 5304
5296 5301
5298 5313
5299 5306
5300 5303
5305 5320
5308 5314
5309 5319
5310 5330
5311 5322
5312 5317
5315 5328
5316 5335
5318 5323
5321 5339
5324 5329
5325 5337
5326 5341
5327 5346
5331 5338
5332 5334
5333 5345
5336 5351
5340 5354
5342 5350
5343 5349
5344 5348
5347 5359
5352 5357
5353 5372
5355 5361
5356 5369
5358 5363
5360 5376
5362 5371
5364 5367
5365 5368
5366 5374
5370 5380
5373 5382
5375 5387
5377 5395
5378 5391
5379 5383
5381 5388
5384 5404
5385 5396
5386 5394
5389 5390
5392 5393
5397 5406
5398 5408
5399 5418
5400 5411
5401 5416
5402 5403
5405 5414
5407 5427
5409 5417
5410 5425
5412 5415
5413 5422
5419 5423
5420 5428
5421 5436
5424 5426
5429 5445
5430 5447
5431 5446
5432 5438
5433 5437
5434 5449
5435 5443
5439 5453
5440 5441
5442 5459
5444 5460
5448 5461
5450 5454
5451 5471
5452 5458
5455 5462
5456 5473
5457 5472
5463 5470
5464 5469
5465 5467
5466 5474
5468 5481
5475 5482
5476 5493
5477 5489
5478 5487
5479 5485
5480 5499
5483 5494
5484 5496
5486 5506
5488 5490
5491 5504
5492 5498
5495 5501
5497 5512
5500 5518
5502 5520
5503 5522
5505 5515
5507 5508
5509 5517
5510 5525
5511 5519
5513 5523
5514 5527
5516 5529
5521 5533
5524 5528
5526 5531
5530 5550
5532 5539
5534 5552
5535 5551
5536 5554
5537 5545
5538 5546
5540 5549
5541 5560
5542 5562
5543 5563
5544 5555
5547 5557
5548 5566
5553 5569
5556 5576
5558 5559
5561 5568
5564 5581
5565 5578
5567 5570
5571 5579
5572 5583
5573 5593
5574 5582
5575 5577
5580 5585
5584 5587
5586 5603
5588 5591
5589 5597
5590 5596
5592 5609
5594 5611
5595 5598
5599 5617
5600 5602
5601 5614
5604 5607
5605 5624
5606 5618
5608 5620
5610 5622
5612 5626
5613 5623
5615 5621
5616 5619
5625 5641
5627 5628
5629 5644
5630 5634
5631 5635
5632 5633
5636 5643
5637 5655
5638 5646
5639 5645
5640 5654
5642 5651
5647 5666
5648 5649
5650 5653
5652 5661
5656 5675
5657 5660
5658 5663
5659 5670
5662 5668
5664 5680
5665 5677
5667 5681
5669 5672
5671 5679
5673 5685
5674 5693
5676 5684
5678 5689
5682 5699
5683 5690
5686 5706
5687 5701
5688 5703
5691 5694
5692 5697
5695 5704
5696 5715
5698 5709
5700 5716
5702 5711
5705 5723
5707 5727
5708 5721
5710 5729
5712 5717
5713 5725
5714 5733
5718 5737
5719 5726
5720 5738
5722 5741
5724 5734
5728 5748
5730 5743
5731 5746
5732 5745
5735 5747
5736 5742
5739 5753
5740 5749
5744 5761
5750 5751
5752 5766
5754 5771
5755 5768
5756 5773
5757 5769
5758 5759
5760 5764
5762 5774
5763 5779
5765 5782
5767 5780
5770 5776
5772 5785
5775 5788
5777 5793
5778 5796
5781 5800
5783 5787
5784 5798
5786 5790
5789 5794
5791 5810
5792 5809
5795 5802
5797 5811
5799 5817
5801 5820
5803 5808
5804 5812
5805 5819
5806 5814
5807 5813
5815 5833
5816 5834
5818 5836
5821 5823
5822 5841
5824 5826
5825 5839
5827 5846
5828 5843
5829 5840
5830 5835
5831 5847
5832 5850
5837 5848
5838 5851
5842 5858
5844 5852
5845 5853
5849 5865
5854 5868
5855 5859
5856 5872
5857 5876
5860 5877
5861 5870
5862 5878
5863 5866
5864 5867
5869 5879
5871 5882
5873 5889
5874 5890
5875 5880
5881 5895
5883 5891
5884 5897
5885 5886
5887 5907
5888 5905
5892 5911
5893 5909
5894 5910
5896 5914
5898 5903
5899 5906
5900 5916
5901 5913
5902 5919
5904 5920
5908 5921
5912 5929
5915 5930
5917 5933
5918 5934
5922 5937
5923 5928
5924 5927
5925 5926
5931 5944
5932 5952
5935 5945
5936 5950
5938 5953
5939 5948
5940 5951
5941 5959
5942 5955
5943 5949
5946 5947
5954 5965
5956 5957
5958 5978
5960 5967
5961 5979
5962 5971
5963 5981
5964 5966
5968 5980
5969 5983
5970 5990
5972 5975
5973 5991
5974 5994
5976 5977
5982 5987
5984 5989
5985 6003
5986 6005
5988 5993
5992 6011
5995 6014
5996 6000
5997 6012
5998 5999
6001 6019
6002 6020
6004 6009
6006 6013
6007 6017
6008 6022
6010 6028
6015 6023
6016 6018
6021 6037
6024 6034
6025 6040
6026 6029
6027 6046
6030 6044
6031 6039
6032 6052
6033 6042
6035 6043
6036 6049
6038 6048
6041 6050
6045 6058
6047 6055
6051 6070
6053 6062
6054 6074
6056 6075
6057 6076
6059 6073
6060 6061
6063 6077
6064 6071
6065 6078
6066 6067
6068 6085
6069 6079
6072 6088
6080 6100
6081 6099
6082 6098
6083 6092
6084 6089
6086 6102
6087 6093
6090 6106
6091 6094
6095 6096
6097 6115
6101 6103
6104 6109
6105 6118
6107 6113
6108 6116
6110 6114
6111 6130
6112 6132
6117 6120
6119 6124
6121 6127
6122 6129
6123 6125
6126 6141
6128 6133
6131 6146
6134 6153
6135 6140
6136 6148
6137 6142
6138 6149
6139 6158
6143 6159
6144 6155
6145 6147
6150 6151
6152 6170
6154 6166
6156 6168
6157 6176
6160 6169
6161 6180
6162 6179
6163 6171
6164 6184
6165 6182
6167 6178
6172 6189
6173 6191
6174 6177
6175 6185
6181 6201
6183 6203
6186 6187
6188 6202
6190 6193
6192 6194
6195 6209
6196 6199
6197 6217
6198 6211
6200 6215
6204 6218
6205 6214
6206 6219
6207 6208
6210 6229
6212 6226
6213 6225
6216 6227
6220 6221
6222 6230
6223 6241
6224 6242
6228 6234
6231 6244
6232 6238
6233 6251
6235 6237
6236 6247
6239 6255
6240 6256
6243 6250
6245 6246
6248 6264
6249 6254
6252 6257
6253 6260
6258 6269
6259 6277
6261 6274
6262 6281
6263 6267
6265 6266
6268 6287
6270 6290
6271 6273
6272 6282
6275 6279
6276 6291
6278 6286
6280 6296
6283 6292
6284 6299
6285 6301
6288 6298
6289 6306
6293 6300
6294 6304
6295 6314
6297 6310
6302 6317
6303 6307
6305 6313
6308 6326
6309 6312
6311 6324
6315 6327
6316 6329
6318 6335
6319 6333
6320 6321
6322 6342
6323 6336
6325 6330
6328 6332
6331 6343
6334 6341
6337 6350
6338 6346
6339 6340
6344 6349
6345 6354
6347 6364
6348 6366
6351 6359
6352 6356
6353 6361
6355 6369
6357 6376
6358 6368
6360 6365
6362 6382
6363 6371
6367 6381
6370 6372
6373 6392
6374 6393
6375 6386
6377 6383
6378 6396
6379 6390
6380 6387
6384 6398
6385 6401
6388 6406
6389 6403
6391 6408
6394 6414
6395 6402
6397 6415
6399 6418
6400 6419
6404 6410
6405 6416
6407 6420
6409 6426
6411 6424
6412 6431
6413 6428
6417 6429
6421 6427
6422 6425
6423 6436
6430 6441
6432 6434
6433 6453
6435 6454
6437 6456
6438 6450
6439 6446
6440 6452
6442 6455
6443 6459
6444 6449
6445 6465
6447 6460
6448 6462
6451 6471
6457 6469
6458 6466
6461 6475
6463 6464
6467 6478
6468 6479
6470 6486
6472 6491
6473 6482
6474 6492
6476 6496
6477 6481
6480 6485
6483 6489
6484 6502
6487 6505
6488 6498
6490 6494
6493 6497
6495 6501
6499 6518
6500 6508
6503 6514
6504 6510
6506 6509
6507 6516
6511 6521
6512 6531
6513 6529
6515 6527
6517 6526
6519 6533
6520 6535
6522 6530
6523 6525
6524 6542
6528 6538
6532 6547
6534 6545
6536 6548
6537 6557
6539 6550
6540 6555
6541 6546
6543 6549
6544 6559
6551 6565
6552 6562
6553 6563
6554 6567
6556 6558
6560 6570
6561 6580
6564 6583
6566 6575
6568 6569
6571 6589
6572 6592
6573 6581
6574 6576
6577 6596
6578 6584
6579 6585
6582 6590
6586 6604
6587 6605
6588 6593
6591 6597
6594 6607
6595 6611
6598 6613
6599 6612
6600 6609
6601 6603
6602 6619
6606 6623
6608 6614
6610 6627
6615 6629
6616 6626
6617 6621
6618 6622
6620 6631
6624 6638
6625 6641
6628 6647
6630 6633
6632 6634
6635 6652
6636 6651
6637 6645
6639 6658
6640 6659
6642 6650
6643 6649
6644 6657
6646 6653
6648 6666
6654 6661
6655 6670
6656 6668
6660 6672
6662 6669
6663 6664
6665 6677
6667 6686
6671 6685
6673 6681
6674 6680
6675 6682
6676 6679
6678 6695
6683 6696
6684 6699
6687 6691
6688 6693
6689 6698
6690 6705
6692 6712
6694 6703
6697 6702
6700 6711
6701 6707
6704 6715
6706 6722
6708 6709
6710 6714
6713 6727
6716 6731
6717 6721
6718 6719
6720 6740
6723 6728
6724 6741
6725 6734
6726 6737
6729 6744
6730 6746
6732 6748
6733 6749
6735 6754
6736 6756
6738 6752
6739 6750
6742 6762
6743 6753
6745 6760
6747 6763
6751 6766
6755 6764
6757 6759
6758 6771
6761 6776
6765 6768
6767 6773
6769 6774
6770 6785
6772 6788
6775 6778
6777 6792
6779 6784
6780 6797
6781 6801
6782 6786
6783 6787
6789 6796
6790 6803
6791 6810
6793 6806
6794 6799
6795 6813
6798 6816
6800 6818
6802 6814
6804 6812
6805 6822
6807 6827
6808 6825
6809 6820
6811 6819
6815 6831
6817 6824
6821 6830
6823 6837
6826 6839
6828 6836
6829 6840
6832 6851
6833 6850
6834 6841
6835 6846
6838 6853
6842 6857
6843 6848
6844 6859
6845 6852
6847 6856
6849 6862
6854 6872
6855 6869
6858 6864
6860 6868
6861 6877
6863 6867
6865 6874
6866 6871
6870 6886
6873 6882
6875 6893
6876 6884
6878 6898
6879 6887
6880 6883
6881 6896
6885 6889
6888 6895
6890 6901
6891 6900
6892 6904
6894 6899
6897 6906
6902 6909
6903 6921
6905 6914
6907 6919
6908 6928
6910 6912
6911 6927
6913 6922
6915 6917
6916 6936
6918 6929
6920 6932
6923 6938
6924 6940
6925 6933
6926 6937
6930 6942
6931 6941
6934 6952
6935 6951
6939 6953
6943 6946
6944 6959
6945 6965
6947 6962
6948 6949
6950 6961
6954 6971
6955 6970
6956 6960
6957 6968
6958 6967
6963 6975
6964 6981
6966 6983
6969 6977
6972 6987
6973 6992
6974 6989
6976 6978
6979 6993
6980 6984
6982 6997
6985 6998
6986 7003
6988 6995
6990 7001
6991 7005
6994 7000
6996 7012
6999 7010
7002 7015
7004 7008
7006 7020
7007 7016
7009 7026
7011 7028
7013 7029
7014 7024
7017 7019
7018 7023
7021 7032
7022 7034
7025 7043
7027 7044
7030 7036
7031 7047
7033 7046
7035 7050
7037 7045
7038 7054
7039 7055
7040 7060
7041 7049
7042 7053
7048 7052
7051 7071
7056 7057
7058 7067
7059 7079
7061 7063
7062 7069
7064 7084
7065 7080
7066 7076
7068 7081
7070 7090
7072 7091
7073 7085
7074 7078
7075 7095
7077 7097
7082 7092
7083 7094
7086 7104
7087 7100
7088 7098
7089 7093
7096 7116
7099 7108
7101 7118
7102 7121
7103 7109
7105 7114
7106 7110
7107 7111
7112 7124
7113 7128
7115 7123
7117 7122
7119 7126
7120 7140
7125 7130
7127 7139
7129 7132
7131 7142
7133 7151
7134 7144
7135 7153
7136 7149
7137 7138
7141 7147
7143 7162
7145 7165
7146 7156
7148 7163
7150 7167
7152 7154
7155 7175
7157 7169
7158 7173
7159 7179
7160 7172
7161 7177
7164 7171
7166 7181
7168 7185
7170 7184
7174 7190
7176 7194
7178 7198
7180 7199
7182 7200
7183 7201
7186 7196
7187 7207
7188 7205
7189 7208
7191 7202
7192 7203
7193 7195
7197 7211
7204 7221
7206 7225
7209 7223
7210 7226
7212 7229
7213 7222
7214 7227
7215 7231
7216 7235
7217 7228
7218 7233
7219 7239
7220 7238
7224 7230
7232 7236
7234 7240
7237 7246
7241 7259
7242 7256
7243 7245
7244 7260
7247 7248
7249 7252
7250 7270
7251 7254
7253 7273
7255 7258
7257 7274
7261 7267
7262 7271
7263 7282
7264 7276
7265 7284
7266 7280
7268 7283
7269 7289
7272 7287
7275 7292
7277 7290
7278 7285
7279 7296
7281 7297
7286 7303
7288 7295
7291 7302
7293 7307
7294 7300
7298 7309
7299 7315
7301 7306
7304 7312
7305 7311
7308 7325
7310 7330
7313 7317
7314 7318
7316 7332
7319 7338
7320 7340
7321 7328
7322 7326
7323 7343
7324 7342
7327 7334
7329 7345
7331 7336
7333 7349
7335 7348
7337 7352
7339 7346
7341 7360
7344 7363
7347 7357
7350 7368
7351 7353
7354 7358
7355 7370
7356 7373
7359 7379
7361 7369
7362 7376
7364 7378
7365 7381
7366 7375
7367 7383
7371 7388
7372 7391
7374 7386
7377 7393
7380 7396
7382 7387
7384 7400
7385 7397
7389 7408
7390 7403
7392 7401
7394 7404
7395 7412
7398 7418
7399 7413
7402 7421
7405 7407
7406 7426
7409 7420
7410 7424
7411 7415
7414 7431
7416 7419
7417 7433
7422 7430
7423 7438
7425 7427
7428 7436
7429 7435
7432 7434
7437 7449
7439 7452
7440 7448
7441 7443
7442 7460
7444 7464
7445 7461
7446 7465
7447 7466
7450 7454
7451 7459
7453 7468
7455 7472
7456 7476
7457 7462
7458 7463
7467 7478
7469 7477
7470 7481
7471 7487
7473 7485
7474 7480
7475 7493
7479 7486
7482 7492
7483 7501
7484 7504
7488 7497
7489 7502
7490 7499
7491 7511
7494 7513
7495 7508
7496 7509
7498 7514
7500 7520
7503 7507
7505 7519
7506 7516
7510 7515
7512 7530
7517 7524
7518 7533
7521 7541
7522 7537
7523 7531
7525 7528
7526 7543
7527 7534
7529 7547
7532 7551
7535 7553
7536 7546
7538 7545
7539 7549
7540 7557
7542 7560
7544 7564
7548 7556
7550 7555
7552 7558
7554 7568
7559 7575
7561 7577
7562 7579
7563 7576
7565 7574
7566 7570
7567 7569
7571 7578
7572 7583
7573 7586
7580 7581
7582 7591
7584 7595
7585 7588
7587 7594
7589 7596
7590 7605
7592 7612
7593 7609
7597 7598
7599 7600
7601 7617
7602 7604
7603 7616
7606 7619
7607 7620
7608 7613
7610 7625
7611 7621
7614 7634
7615 7629
7618 7622
7623 7640
7624 7631
7626 7636
7627 7630
7628 7645
7632 7642
7633 7647
7635 7643
7637 7649
7638 7653
7639 7651
7641 7659
7644 7656
7646 7665
7648 7657
7650 7654
7652 7662
7655 7666
7658 7676
7660 7673
7661 7677
7663 7674
7664 7675
7667 7679
7668 7678
7669 7684
7670 7681
7671 7682
7672 7692
7680 7698
7683 7694
7685 7687
7686 7702
7688 7696
7689 7700
7690 7708
7691 7707
7693 7704
7695 7712
7697 7715
7699 7709
7701 7717
7703 7720
7705 7719
7706 7723
7710 7721
7711 7728
7713 7733
7714 7732
7716 7729
7718 7736
7722 7734
7724 7740
7725 7743
7726 7731
7727 7738
7730 7742
7735 7752
7737 7757
7739 7754
7741 7750
7744 7749
7745 7758
7746 7748
7747 7753
7751 7768
7755 7762
7756 7769
7759 7778
7760 7776
7761 7772
7763 7775
7764 7783
7765 7784
7766 7785
7767 7787
7770 7790
7771 7789
7773 7792
7774 7779
7777 7786
7780 7800
7781 7791
7782 7794
7788 7801
7793 7812
7795 7811
7796 7802
7797 7805
7798 7815
7799 7813
7803 7818
7804 7810
7806 7822
7807 7826
7808 7825
7809 7824
7814 7833
7816 7820
7817 7828
7819 7827
7821 7841
7823 7834
7829 7839
7830 7847
7831 7832
7835 7843
7836 7854
7837 7851
7838 7844
7840 7845
7842 7859
7846 7860
7848 7857
7849 7869
7850 7866
7852 7870
7853 7864
7855 7865
7856 7871
7858 7867
7861 7874
7862 7872
7863 7879
7868 7875
7873 7888
7876 7882
7877 7885
7878 7881
7880 7897
7883 7884
7886 7901
7887 7891
7889 7903
7890 7892
7893 7905
7894 7906
7895 7912
7896 7907
7898 7914
7899 7908
7900 7919
7902 7913
7904 7917
7909 7928
7910 7915
7911 7922
7916 7929
7918 7925
7920 7924
7921 7937
7923 7926
7927 7930
7931 7945
7932 7948
7933 7953
7934 7947
7935 7942
7936 7950
7938 7954
7939 7940
7941 7949
7943 7961
7944 7958
7946 7960
7951 7955
7952 7969
7956 7973
7957 7970
7959 7964
7962 7979
7963 7980
7965 7967
7966 7983
7968 7976
7971 7990
7972 7978
7974 7986
7975 7992
7977 7993
7981 7994
7982 7984
7985 7991
7987 8007
7988 7998
7989 8005
7995 8014
7996 8006
7997 8013
7999 8015
8000 8009
8001 8020
8002 8012
8003 8023
8004 8021
8008 8028
8010 8022
8011 8024
8016 8019
8017 8018
8025 8043
8026 8034
8027 8031
8029 8039
8030 8038
8032 8046
8033 8047
8035 8037
8036 8052
8040 8056
8041 8050
8042 8059
8044 8054
8045 8063
8048 8060
8049 8066
8051 8062
8053 8073
8055 8061
8057 8070
8058 8067
8064 8069
8065 8085
8068 8076
8071 8072
8074 8088
8075 8089
8077 8082
8078 8090
8079 8080
8081 8098
8083 8093
8084 8091
8086 8096
8087 8097
8092 8100
8094 8114
8095 8104
8099 8111
8101 8103
8102 8113
8105 8122
8106 8126
8107 8115
8108 8110
8109 8112
8116 8127
8117 8120
8118 8124
8119 8131
8121 8135
8123 8125
8128 8132
8129 8142
8130 8147
8133 8138
8134 8152
8136 8151
8137 8140
8139 8157
8141 8153
8143 8150
8144 8149
8145 8158
8146 8160
8148 8166
8154 8167
8155 8175
8156 8168
8159 8165
8161 8181
8162 8169
8163 8178
8164 8177
8170 8188
8171 8191
8172 8192
8173 8190
8174 8183
8176 8195
8179 8186
8180 8194
8182 8198
8184 8197
8185 8204
8187 8202
8189 8196
8193 8212
8199 8215
8200 8203
8201 8216
8205 8225
8206 8217
8207 8223
8208 8209
8210 8211
8213 8214
8218 8230
8219 8226
8220 8239
8221 8237
8222 8231
8224 8236
8227 8232
8228 8235
8229 8249
8233 8241
8234 8247
8238 8251
8240 8258
8242 8260
8243 8246
8244 8250
8245 8257
8248 8264
8252 8254
8253 8255
8256 8262
8259 8261
8263 8271
8265 8266
8267 8287
8268 8281
8269 8272
8270 8286
8273 8278
8274 8284
8275 8285
8276 8295
8277 8296
8279 8298
8280 8283
8282 8292
8288 8299
8289 8291
8290 8294
8293 8310
8297 8305
8300 8314
8301 8303
8302 8315
8304 8321
8306 8317
8307 8319
8308 8318
8309 8326
8311 8324
8312 8323
8313 8322
8316 8330
8320 8338
8325 8336
8327 8340
8328 8343
8329 8334
8331 8344
8332 8351
8333 8348
8335 8353
8337 8355
8339 8352
8341 8347
8342 8362
8345 8360
8346 8363
8349 8365
8350 8361
8354 8366
8356 8357
8358 8368
8359 8367
8364 8377
8369 8382
8370 8376
8371 8378
8372 8381
8373 8379
8374 8391
8375 8394
8380 8386
8383 8384
8385 8402
8387 8398
8388 8390
8389 8400
8392 8409
8393 8412
8395 8408
8396 8406
8397 8411
8399 8418
8401 8410
8403 8422
8404 8420
8405 8423
8407 8416
8413 8425
8414 8417
8415 8428
8419 8434
8421 8427
8424 8435
8426 8431
8429 8437
8430 8440
8432 8442
8433 8439
8436 8444
8438 8458
8441 8454
8443 8448
8445 8446
8447 8449
8450 8453
8451 8460
8452 8463
8455 8471
8456 8464
8457 8469
8459 8465
8461 8466
8462 8468
8467 8485
8470 8473
8472 8483
8474 8480
8475 8494
8476 8487
8477 8496
8478 8493
8479 8498
8481 8500
8482 8497
8484 8490
8486 8501
8488 8505
8489 8504
8491 8511
8492 8509
8495 8514
8499 8508
8502 8515
8503 8518
8506 8510
8507 8525
8512 8517
8513 8516
8519 8538
8520 8532
8521 8536
8522 8524
8523 8535
8526 8539
8527 8547
8528 8533
8529 8543
8530 8549
8531 8537
8534 8554
8540 8548
8541 8558
8542 8550
8544 8560
8545 8557
8546 8566
8551 8567
8552 8556
8553 8565
8555 8564
8559 8569
8561 8578
8562 8577
8563 8582
8568 8576
8570 8590
8571 8583
8572 8573
8574 8593
8575 8595
8579 8598
8580 8584
8581 8597
8585 8603
8586 8589
8587 8604
8588 8592
8591 8601
8594 8605
8596 8606
8599 8607
8600 8620
8602 8616
8608 8614
8609 8611
8610 8623
8612 8622
8613 8618
8615 8631
8617 8635
8619 8629
8621 8627
8624 8640
8625 8637
8626 8642
8628 8636
8630 8633
8632 8634
8638 8645
8639 8648
8641 8653
8643 8656
8644 8661
8646 8652
8647 8666
8649 8665
8650 8667
8651 8660
8654 8673
8655 8674
8657 8672
8658 8670
8659 8663
8662 8664
8668 8688
8669 8681
8671 8678
8675 8683
8676 8695
8677 8680
8679 8685
8682 8700
8684 8686
8687 8690
8689 8698
8691 8703
8692 8709
8693 8707
8694 8706
8696 8713
8697 8710
8699 8702
8701 8712
8704 8718
8705 8724
8708 8723
8711 8719
8714 8721
8715 8720
8716 8722
8717 8734
8725 8726
8727 8739
8728 8741
8729 8743
8730 8749
8731 8744
8732 8738
8733 8752
8735 8740
8736 8737
8742 8761
8745 8765
8746 8757
8747 8767
8748 8764
8750 8763
8751 8754
8753 8760
8755 8775
8756 8766
8758 8771
8759 8774
8762 8769
8768 8781
8770 8783
8772 8782
8773 8776
8777 8794
8778 8779
8780 8800
8784 8791
8785 8802
8786 8796
8787 8801
8788 8803
8789 8795
8790 8809
8792 8804
8793 8808
8797 8811
8798 8817
8799 8814
8805 8820
8806 8813
8807 8823
8810 8825
8812 8832
8815 8822
8816 8828
8818 8824
8819 8839
8821 8841
8826 8838
8827 8829
8830 8831
8833 8840
8834 8846
8835 8854
8836 8842
8837 8850
8843 8855
8844 8845
8847 8858
8848 8852
8849 8861
8851 8853
8856 8874
8857 8867
8859 8879
8860 8873
8862 8870
8863 8868
8864 8875
8865 8883
8866 8880
8869 8877
8871 8889
8872 8881
8876 8896
8878 8891
8882 8890
8884 8894
8885 8900
8886 8906
8887 8892
8888 8893
8895 8897
8898 8914
8899 8902
8901 8916
8903 8905
8904 8907
8908 8918
8909 8910
8911 8929
8912 8919
8913 8923
8915 8924
8917 8922
8920 8936
8921 8940
8925 8941
8926 8945
8927 8933
8928 8938
8930 8931
8932 8935
8934 8947
8937 8948
8939 8951
8942 8953
8943 8961
8944 8962
8946 8965
8949 8957
8950 8966
8952 8971
8954 8960
8955 8963
8956 8975
8958 8976
8959 8970
8964 8982
8967 8978
8968 8972
8969 8981
8973 8985
8974 8979
8977 8980
8983 8989
8984 9003
8986 9004
8987 8996
8988 9005
8990 8994
8991 8993
8992 9011
8995 9013
8997 9015
8998 9008
8999 9010
9000 9006
9001 9014
9002 9007
9009 9019
9012 9028
9016 9035
9017 9025
9018 9026
9020 9040
9021 9041
9022 9023
9024 9031
9027 9047
9029 9034
9030 9039
9032 9046
9033 9037
9036 9045
9038 9050
9042 9061
9043 9060
9044 9056
9048 9057
9049 9053
9051 9071
9052 9064
9054 9069
9055 9062
9058 9059
9063 9077
9065 9085
9066 9072
9067 9078
9068 9075
9070 9086
9073 9084
9074 9092
9076 9083
9079 9099
9080 9100
9081 9094
9082 9089
9087 9103
9088 9106
9090 9091
9093 9095
9096 9109
9097 9112
9098 9102
9101 9115
9104 9110
9105 9119
9107 9116
9108 9120
9111 9129
9113 9125
9114 9117
9118 9124
9121 9126
9122 9142
9123 9143
9127 9140
9128 9144
9130 9139
9131 9138
9132 9152
9133 9135
9134 9137
9136 9150
9141 9159
9145 9161
9146 9151
9147 9158
9148 9154
9149 9167
9153 9157
9155 9166
9156 9162
9160 9177
9163 9180
9164 9182
9165 9174
9168 9187
9169 9179
9170 9173
9171 9183
9172 9188
9175 9178
9176 9194
9181 9191
9184 9202
9185 9193
9186 9190
9189 9206
9192 9195
9196 9210
9197 9216
9198 9218
9199 9211
9200 9203
9201 9205
9204 9209
9207 9215
9208 9222
9212 9231
9213 9220
9214 9228
9217 9232
9219 9237
9221 9233
9223 9226
9224 9239
9225 9245
9227 9234
9229 9249
9230 9235
9236 9256
9238 9251
9240 9258
9241 9259
9242 9247
9243 9260
9244 9248
9246 9266
9250 9262
9252 9261
9253 9257
9254 9264
9255 9268
9263 9265
9267 9278
9269 9274
9270 9273
9271 9280
9272 9286
9275 9281
9276 9287
9277 9293
9279 9297
9282 9292
9283 9289
9284 9300
9285 9290
9288 9305
9291 9304
9294 9313
9295 9296
9298 9310
9299 9317
9301 9309
9302 9318
9303 9315
9306 9323
9307 9325
9308 9322
9311 9312
9314 9327
9316 9331
9319 9334
9320 9324
9321 9337
9326 9343
9328 9335
9329 9349
9330 9348
9332 9338
9333 9344
9336 9351
9339 9359
9340 9355
9341 9360
9342 9362
9345 9361
9346 9365
9347 9352
9350 9357
9353 9354
9356 9366
9358 9369
9363 9374
9364 9384
9367 9380
9368 9373
9370 9385
9371 9377
9372 9378
9375 9383
9376 9392
9379 9381
9382 9388
9386 9387
9389 9406
9390 9402
9391 9393
9394 9400
9395 9398
9396 9413
9397 9417
9399 9418
9401 9419
9403 9411
9404 9415
9405 9410
9407 9427
9408 9420
9409 9414
9412 9430
9416 9424
9421 9433
9422 9432
9423 9439
9425 9431
9426 9445
9428 9443
9429 9449
9434 9448
9435 9444
9436 9453
9437 9438
9440 9455
9441 9450
9442 9446
9447 9461
9451 9465
9452 9470
9454 9459
9456 9462
9457 9473
9458 9475
9460 9471
9463 9476
9464 9474
9466 9478
9467 9469
9468 9482
9472 9491
9477 9496
9479 9495
9480 9498
9481 9493
9483 9497
9484 9499
9485 9500
9486 9488
9487 9501
9489 9504
9490 9507
9492 9506
9494 9509
9502 9517
9503 9522
9505 9511
9508 9527
9510 9524
9512 9530
9513 9523
9514 9529
9515 9521
9516 9535
9518 9537
9519 9534
9520 9532
9525 9536
9526 9541
9528 9533
9531 9539
9538 9552
9540 9557
9542 9545
9543 9549
9544 9548
9546 9559
9547 9565
9550 9569
9551 9555
9553 9560
9554 9566
9556 9571
9558 9572
9561 9574
9562 9581
9563 9577
9564 9567
9568 9586
9570 9575
9573 9580
9576 9589
9578 9598
9579 9593
9582 9583
9584 9594
9585 9587
9588 9601
9590 9596
9591 9605
9592 9608
9595 9609
9597 9616
9599 9617
9600 9615
9602 9622
9603 9607
9604 9623
9606 9619
9610 9625
9611 9612
9613 9614
9618 9638
9620 9628
9621 9629
9624 9642
9626 9637
9627 9646
9630 9632
9631 9647
9633 9640
9634 9636
9635 9652
9639 9658
9641 9661
9643 9651
9644 9659
9645 9655
9648 9653
9649 9657
9650 9666
9654 9670
9656 9674
9660 9672
9662 9664
9663 9679
9665 9676
9667 9687
9668 9684
9669 9689
9671 9677
9673 9693
9675 9690
9678 9696
9680 9695
9681 9692
9682 9700
9683 9699
9685 9705
9686 9697
9688 9704
9691 9706
9694 9711
9698 9717
9701 9702
9703 9721
9707 9724
9708 9716
9709 9715
9710 9713
9712 9731
9714 9733
9718 9736
9719 9738
9720 9726
9722 9741
9723 9728
9725 9745
9727 9735
9729 9730
9732 9740
9734 9743
9737 9749
9739 9746
9742 9754
9744 9750
9747 9763
9748 9765
9751 9770
9752 9755
9753 9773
9756 9758
9757 9774
9759 9772
9760 9761
9762 9767
9764 9766
9768 9787
9769 9781
9771 9785
9775 9784
9776 9793
9777 9795
9778 9789
9779 9797
9780 9788
9782 9786
9783 9802
9790 9796
9791 9801
9792 9807
9794 9810
9798 9806
9799 9803
9800 9814
9804 9811
9805 9815
9808 9818
9809 9820
9812 9822
9813 9833
9816 9835
9817 9830
9819 9836
9821 9827
9823 9828
9824 9825
9826 9845
9829 9847
9831 9849
9832 9852
9834 9837
9838 9855
9839 9859
9840 9841
9842 9846
9843 9844
9848 9856
9850 9862
9851 9870
9853 9863
9854 9861
9857 9867
9858 9871
9860 9866
9864 9882
9865 9885
9868 9874
9869 9872
9873 9880
9875 9893
9876 9889
9877 9886
9878 9890
9879 9898
9881 9892
9883 9895
9884 9902
9887 9904
9888 9903
9891 9908
9894 9914
9896 9897
9899 9901
9900 9911
9905 9913
9906 9919
9907 9920
9909 9922
9910 9927
9912 9921
9915 9935
9916 9933
9917 9934
9918 9938
9923 9932
9924 9930
9925 9926
9928 9943
9929 9949
9931 9948
9936 9952
9937 9950
9939 9947
9940 9954
9941 9958
9942 9953
9944 9961
9945 9956
9946 9965
9951 9968
9955 9959
9957 9960
9962 9963
9964 9984
9966 9978
9967 9975
9969 9973
9970 9977
9971 9991
9972 9988
9974 9987
9976 9993
9979 9999
9980 9983
9981 9996
9982 9995
9985 9997
9986 9992
9989 9994
9990 9998
