100
0 2
1 4
3 11
5 8
6 9
7 15
10 12
13 16
14 22
17 23
18 19
20 24
21 27
25 28
26 33
29 31
30 38
32 36
34 42
35 37
39 46
40 48
41 44
43 50
45 53
47 52
49 55
51 58
54 59
56 60
57 64
61 63
62 66
65 71
67 75
68 74
69 77
70 72
73 80
76 78
79 85
81 82
83 88
84 87
86 94
89 96
90 92
91 98
93 101
95 102
97 100
99 105
103 107
104 111
106 113
108 110
109 117
112 116
114 120
115 118
119 126
121 125
122 127
123 130
124 131
128 135
129 132
133 138
134 142
136 141
137 139
140 147
143 149
144 150
145 153
146 151
148 156
152 157
154 161
155 160
158 165
159 162
163 171
164 166
167 168
169 175
170 177
172 173
174 181
176 183
178 186
179 182
180 187
184 191
185 190
188 192
189 194
193 199
195 198
196 197
