500
0 28
1 11
2 33
3 29
4 12
5 66
6 34
7 60
8 22
9 67
10 61
13 50
14 38
15 74
16 27
17 77
18 76
19 49
20 72
21 43
23 65
24 30
25 53
26 64
31 69
32 92
35 39
36 97
37 59
40 80
41 90
42 104
44 100
45 96
46 52
47 68
48 84
51 109
54 58
55 75
56 85
57 112
62 116
63 105
70 71
73 132
78 91
79 122
81 121
82 94
83 98
86 99
87 146
88 143
89 145
93 152
95 147
101 115
102 129
103 114
106 155
107 141
108 149
110 126
111 144
113 157
117 165
118 168
119 156
120 123
124 160
125 164
127 128
130 182
131 148
133 185
134 172
135 191
136 180
137 194
138 175
139 178
140 161
142 159
150 203
151 201
153 195
154 215
158 189
162 173
163 211
166 220
167 192
169 193
170 187
171 226
174 199
176 208
177 217
179 223
181 241
183 212
184 214
186 236
188 225
190 227
196 242
197 253
198 256
200 205
202 224
204 237
206 259
207 247
209 262
210 216
213 222
218 254
219 244
221 273
228 239
229 234
230 258
231 291
232 283
233 276
235 294
238 250
240 285
243 261
245 269
246 275
248 306
249 264
251 255
252 305
257 318
260 279
263 299
265 313
266 278
267 323
268 303
270 319
271 328
272 309
274 321
277 289
280 315
281 334
282 307
284 293
286 331
287 332
288 345
290 342
292 298
295 335
296 324
297 343
300 362
301 360
302 339
304 316
308 364
310 337
311 371
312 329
314 370
317 375
320 327
322 356
325 383
326 336
330 366
333 352
338 389
340 390
341 394
344 350
346 373
347 386
348 387
349 401
351 354
353 365
355 361
357 395
358 404
359 407
363 379
367 412
368 378
369 431
372 405
374 413
376 420
377 439
380 442
381 422
382 385
384 429
388 432
391 393
392 424
396 454
397 430
398 414
399 419
400 418
402 456
403 436
406 450
408 425
409 466
410 472
411 463
415 448
416 438
417 457
421 446
423 426
427 447
428 479
433 489
434 458
435 492
437 461
440 462
441 493
443 491
444 505
445 473
449 451
452 482
453 502
455 513
459 490
460 516
464 471
465 510
467 501
468 478
469 523
470 494
474 529
475 515
476 517
477 538
480 521
481 543
483 544
484 546
485 498
486 519
487 522
488 524
495 497
496 527
499 531
500 558
503 540
504 512
506 535
507 542
508 564
509 514
511 556
518 536
520 532
525 586
526 554
528 579
530 547
533 541
534 585
537 591
539 584
545 550
548 604
549 605
551 589
552 563
553 600
555 577
557 559
560 596
561 594
562 567
565 620
566 601
568 629
569 570
571 588
572 628
573 593
574 590
575 634
576 595
578 638
580 583
581 625
582 641
587 640
592 602
597 658
598 637
599 611
603 609
606 635
607 645
608 666
610 646
612 664
613 630
614 642
615 639
616 656
617 624
618 660
619 669
621 631
622 632
623 626
627 672
633 662
636 686
643 705
644 673
647 698
648 690
649 650
651 653
652 663
654 692
655 678
657 670
659 677
661 684
665 679
667 696
668 713
671 683
674 693
675 701
676 727
680 719
681 717
682 723
685 699
687 731
688 736
689 737
691 729
694 741
695 745
697 708
700 744
702 710
703 752
704 765
706 749
707 762
709 722
711 759
712 763
714 770
715 724
716 738
718 720
721 756
725 730
726 733
728 761
732 734
735 742
739 789
740 747
743 777
746 794
748 766
750 810
751 785
753 758
754 815
755 804
757 768
760 786
764 788
767 811
769 787
771 821
772 832
773 784
774 834
775 806
776 827
778 801
779 812
780 792
781 809
782 837
783 798
790 839
791 843
793 828
795 813
796 803
797 800
799 852
802 823
805 825
807 867
808 824
814 859
816 876
817 873
818 866
819 838
820 864
822 874
826 860
829 844
830 868
831 847
833 851
835 862
836 850
840 853
841 890
842 899
845 883
846 865
848 893
849 888
854 914
855 878
856 903
857 870
858 901
861 904
863 894
869 918
871 897
872 882
875 877
879 886
880 934
881 936
884 911
885 938
887 942
889 908
891 953
892 913
895 898
896 937
900 960
902 905
906 935
907 959
909 924
910 951
912 974
915 950
916 928
917 940
919 970
920 962
921 967
922 968
923 964
925 958
926 932
927 946
929 982
930 984
931 971
933 952
939 947
941 998
943 957
944 966
945 983
948 972
949 981
954 986
955 992
956 999
961 965
963 987
969 996
973 985
975 980
976 978
977 991
979 990
988 993
989 994
995 997
