5000
0 394
1 290
2 143
3 390
4 313
5 151
6 301
7 230
8 479
9 88
10 322
11 242
12 583
13 573
14 112
15 232
16 122
17 416
18 50
19 516
20 339
21 329
22 463
23 132
24 519
25 56
26 422
27 440
28 42
29 136
30 254
31 387
32 459
33 68
34 524
35 586
36 115
37 147
38 130
39 386
40 349
41 279
43 550
44 582
45 554
46 57
47 441
48 615
49 216
51 92
52 364
53 644
54 77
55 384
58 547
59 93
60 536
61 443
62 149
63 133
64 454
65 400
66 211
67 370
69 214
70 389
71 620
72 464
73 564
74 175
75 511
76 306
78 584
79 478
80 633
81 613
82 411
83 255
84 344
85 442
86 391
87 457
89 104
90 332
91 120
94 324
95 426
96 222
97 611
98 138
99 703
100 447
101 193
102 148
103 204
105 429
106 437
107 169
108 513
109 662
110 208
111 164
113 177
114 425
116 363
117 269
118 498
119 681
121 125
123 365
124 376
126 622
127 377
128 461
129 689
131 544
134 556
135 632
137 261
139 186
140 745
141 654
142 470
144 311
145 719
146 398
150 682
152 167
153 289
154 752
155 710
156 178
157 487
158 683
159 207
160 688
161 245
162 566
163 371
165 253
166 294
168 656
170 560
171 334
172 700
173 428
174 404
176 357
179 736
180 531
181 764
182 406
183 714
184 802
185 665
187 753
188 601
189 374
190 527
191 755
192 458
194 297
195 589
196 667
197 237
198 737
199 791
200 750
201 333
202 283
203 699
205 678
206 412
209 379
210 455
212 645
213 263
215 506
217 355
218 238
219 624
220 307
221 538
223 420
224 276
225 227
226 361
228 456
229 305
231 388
233 649
234 833
235 299
236 599
239 401
240 540
241 343
243 539
244 807
246 731
247 761
248 817
249 345
250 702
251 718
252 415
256 319
257 486
258 694
259 684
260 845
262 532
264 288
265 600
266 792
267 281
268 643
270 568
271 826
272 489
273 491
274 579
275 480
277 818
278 309
280 603
282 672
284 743
285 742
286 314
287 763
291 814
292 852
293 676
295 427
296 828
298 549
300 367
302 677
303 879
304 788
308 827
310 360
312 844
315 927
316 782
317 570
318 467
320 897
321 883
323 888
325 869
326 383
327 482
328 488
330 434
331 500
335 385
336 916
337 504
338 758
340 840
341 435
342 850
346 452
347 606
348 968
350 895
351 580
352 397
353 855
354 789
356 641
358 628
359 466
362 605
366 949
368 448
369 631
372 820
373 798
375 773
378 722
380 749
381 616
382 529
392 419
393 973
395 774
396 663
399 995
402 909
403 835
405 1024
407 581
408 808
409 725
410 979
413 468
414 687
417 637
418 1031
421 942
423 444
424 1023
430 652
431 1040
432 617
433 436
438 878
439 870
445 690
446 572
449 768
450 780
451 724
453 477
460 485
462 1030
465 535
469 935
471 936
472 1083
473 831
474 784
475 707
476 961
481 777
483 1014
484 868
490 1000
492 998
493 796
494 951
495 670
496 854
497 790
499 653
501 1077
502 1127
503 908
505 680
507 1029
508 921
509 886
510 551
512 924
514 548
515 969
517 842
518 809
520 939
521 804
522 776
523 1053
525 962
526 1044
528 563
530 1076
533 720
534 1063
537 640
541 1001
542 1132
543 735
545 1108
546 594
552 697
553 905
555 1012
557 900
558 906
559 1162
561 960
562 598
565 1171
567 991
569 933
571 795
574 1159
575 1020
576 1038
577 1047
578 1195
585 1098
587 1081
588 787
590 666
591 902
592 963
593 880
595 811
596 1009
597 1204
602 1140
604 862
607 1064
608 1186
609 1194
610 1129
612 1149
614 1094
618 1188
619 920
621 1146
623 970
625 1151
626 1073
627 1028
629 1067
630 779
634 843
635 1216
636 1082
638 984
639 1219
642 1155
646 1122
647 1271
648 959
650 925
651 945
655 866
657 1134
658 805
659 1056
660 977
661 1007
664 1167
668 1003
669 976
671 1068
673 871
674 740
675 1175
679 1153
685 801
686 931
691 1250
692 1113
693 709
695 1197
696 815
698 1045
701 873
704 762
705 965
706 1147
708 1234
711 1074
712 1336
713 1051
715 754
716 1221
717 829
721 1299
723 1289
726 816
727 1310
728 993
729 1210
730 1347
732 838
733 872
734 849
738 1246
739 1297
741 1212
744 932
746 941
747 756
748 1182
751 1154
757 944
759 910
760 1367
765 990
766 1196
767 1354
769 1255
770 1164
771 1120
772 922
775 1316
778 822
781 1145
783 1334
785 1249
786 1232
793 1283
794 1231
797 1248
799 938
800 1267
803 876
806 892
810 917
812 975
813 1421
819 1017
821 1170
823 1137
824 1332
825 1084
830 1252
832 1201
834 861
836 1176
837 971
839 1008
841 1405
846 901
847 1286
848 1240
851 1418
853 1114
856 1284
857 1169
858 1337
859 972
860 981
863 882
864 967
865 1375
867 1400
874 923
875 1035
877 1018
881 926
884 1006
885 1503
887 1265
889 955
890 1482
891 1111
893 1313
894 1288
896 1296
898 1070
899 1374
903 946
904 1444
907 1513
911 1435
912 1239
913 1365
914 1179
915 1519
918 1538
919 1322
928 1462
929 1439
930 1396
934 1516
937 1096
940 1233
943 1472
947 1409
948 1431
950 1571
952 1440
953 1004
954 1331
956 1107
957 1371
958 1448
964 1224
966 1333
974 1282
978 1438
980 1088
982 1208
983 1399
985 1377
986 1281
987 1215
988 1591
989 1501
992 1476
994 1595
996 1554
997 1190
999 1495
1002 1557
1005 1100
1010 1635
1011 1251
1013 1349
1015 1640
1016 1178
1019 1636
1021 1627
1022 1626
1025 1168
1026 1443
1027 1203
1032 1601
1033 1385
1034 1128
1036 1487
1037 1124
1039 1525
1041 1264
1042 1644
1043 1177
1046 1427
1048 1220
1049 1652
1050 1258
1052 1457
1054 1533
1055 1165
1057 1314
1058 1532
1059 1393
1060 1536
1061 1110
1062 1318
1065 1199
1066 1680
1069 1526
1071 1527
1072 1609
1075 1189
1078 1420
1079 1301
1080 1397
1085 1389
1086 1629
1087 1415
1089 1634
1090 1205
1091 1428
1092 1617
1093 1325
1095 1606
1097 1402
1099 1573
1101 1242
1102 1304
1103 1475
1104 1658
1105 1474
1106 1141
1109 1700
1112 1285
1115 1587
1116 1654
1117 1547
1118 1376
1119 1509
1121 1311
1123 1581
1125 1717
1126 1260
1130 1553
1131 1338
1133 1488
1135 1163
1136 1676
1138 1391
1139 1696
1142 1669
1143 1712
1144 1497
1148 1690
1150 1766
1152 1481
1156 1780
1157 1661
1158 1719
1160 1386
1161 1213
1166 1664
1172 1781
1173 1694
1174 1434
1180 1461
1181 1537
1183 1483
1184 1500
1185 1357
1187 1419
1191 1387
1192 1624
1193 1809
1198 1521
1200 1643
1202 1610
1206 1450
1207 1404
1209 1464
1211 1772
1214 1382
1217 1666
1218 1277
1222 1761
1223 1401
1225 1592
1226 1477
1227 1511
1228 1398
1229 1586
1230 1379
1235 1773
1236 1715
1237 1366
1238 1706
1241 1244
1243 1596
1245 1350
1247 1480
1253 1874
1254 1734
1256 1583
1257 1452
1259 1868
1261 1684
1262 1724
1263 1713
1266 1410
1268 1403
1269 1395
1270 1639
1272 1709
1273 1875
1274 1824
1275 1449
1276 1752
1278 1561
1279 1622
1280 1678
1287 1575
1290 1786
1291 1455
1292 1702
1293 1727
1294 1813
1295 1708
1298 1642
1300 1422
1302 1846
1303 1545
1305 1892
1306 1578
1307 1854
1308 1864
1309 1896
1312 1736
1315 1493
1317 1603
1319 1837
1320 1370
1321 1528
1323 1663
1324 1378
1326 1496
1327 1544
1328 1665
1329 1768
1330 1369
1335 1958
1339 1593
1340 1579
1341 1362
1342 1900
1343 1662
1344 1876
1345 1798
1346 1479
1348 1716
1351 1674
1352 1413
1353 1784
1355 1671
1356 1390
1358 1886
1359 1589
1360 1550
1361 1778
1363 1722
1364 1943
1368 1445
1372 1765
1373 1704
1380 1633
1381 1793
1383 1384
1388 1738
1392 1701
1394 1956
1406 1555
1407 1744
1408 1933
1411 1997
1412 1539
1414 1947
1416 1608
1417 1925
1423 1808
1424 1978
1425 2017
1426 1885
1429 1721
1430 1998
1432 1679
1433 1512
1436 2056
1437 1999
1441 1755
1442 2014
1446 1655
1447 1745
1451 1767
1453 1584
1454 1920
1456 2010
1458 1670
1459 1559
1460 1849
1463 1473
1465 1827
1466 1984
1467 1815
1468 1963
1469 2032
1470 1983
1471 1566
1478 1681
1484 2087
1485 1878
1486 2048
1489 2026
1490 1951
1491 1867
1492 2075
1494 2086
1498 2123
1499 1632
1502 2118
1504 2013
1505 1914
1506 1811
1507 1840
1508 1788
1510 1829
1514 2136
1515 1823
1517 1604
1518 1889
1520 1969
1522 2116
1523 2084
1524 1621
1529 2091
1530 1927
1531 1858
1534 1954
1535 2003
1540 1825
1541 1977
1542 1746
1543 1572
1546 2058
1548 2140
1549 1614
1551 1952
1552 1729
1556 2175
1558 2138
1560 1844
1562 1838
1563 2040
1564 1672
1565 2127
1567 1797
1568 2145
1569 1751
1570 2121
1574 2174
1576 1711
1577 1646
1580 1929
1582 2062
1585 1866
1588 2177
1590 1884
1594 2163
1597 2147
1598 1687
1599 2020
1600 2029
1602 2197
1605 2019
1607 1822
1611 1949
1612 1935
1613 1714
1615 1764
1616 2240
1618 1873
1619 1816
1620 1675
1623 2189
1625 1903
1628 2252
1630 2211
1631 2004
1637 1971
1638 2156
1641 2160
1645 2162
1647 1705
1648 1976
1649 1899
1650 1942
1651 1818
1653 2246
1656 1723
1657 2215
1659 1689
1660 1909
1667 2018
1668 1802
1673 2267
1677 1774
1682 2150
1683 2130
1685 2223
1686 2099
1688 2245
1691 1990
1692 1699
1693 1739
1695 2006
1697 1777
1698 2173
1703 2011
1707 1994
1710 2320
1718 1804
1720 1944
1725 1787
1726 1850
1728 1732
1730 2152
1731 1842
1733 2025
1735 2161
1737 1921
1740 1992
1741 2308
1742 1894
1743 2000
1747 2341
1748 2144
1749 1906
1750 2335
1753 2124
1754 2290
1756 1851
1757 1934
1758 1967
1759 2213
1760 2264
1762 2221
1763 1931
1769 2218
1770 2055
1771 2168
1775 1901
1776 2063
1779 2143
1782 2402
1783 2318
1785 1974
1789 2411
1790 2249
1791 2312
1792 2157
1794 2385
1795 1898
1796 1981
1799 2054
1800 2092
1801 2042
1803 2311
1805 1826
1806 1950
1807 2106
1810 2039
1812 2431
1814 2361
1817 2051
1819 2033
1820 2437
1821 2372
1828 2376
1830 2132
1831 2198
1832 2225
1833 2206
1834 2038
1835 2097
1836 2445
1839 2047
1841 1881
1843 2317
1845 2405
1847 2425
1848 1910
1852 2389
1853 1930
1855 2418
1856 2280
1857 2355
1859 2187
1860 2079
1861 1913
1862 2095
1863 2082
1865 2378
1869 1902
1870 2094
1871 2281
1872 2089
1877 2134
1879 2374
1880 2078
1882 2012
1883 2467
1887 2050
1888 2369
1890 2512
1891 2128
1893 2325
1895 2037
1897 2135
1904 2398
1905 2406
1907 2209
1908 2164
1911 2469
1912 2520
1915 2067
1916 1961
1917 2507
1918 2441
1919 2348
1922 2505
1923 2509
1924 2352
1926 2371
1928 2413
1932 2137
1936 2386
1937 2498
1938 2443
1939 2285
1940 2205
1941 2541
1945 2041
1946 2381
1948 2493
1953 2231
1955 2244
1957 2113
1959 2024
1960 2338
1962 2194
1964 2169
1965 2286
1966 2243
1968 2472
1970 2440
1972 2397
1973 2365
1975 2568
1979 2076
1980 2460
1982 2204
1985 2242
1986 2449
1987 2408
1988 2516
1989 2473
1991 2284
1993 2344
1995 2354
1996 2524
2001 2235
2002 2125
2005 2329
2007 2417
2008 2623
2009 2112
2015 2611
2016 2214
2021 2615
2022 2638
2023 2327
2027 2527
2028 2133
2030 2641
2031 2602
2034 2620
2035 2491
2036 2430
2043 2315
2044 2313
2045 2478
2046 2428
2049 2330
2052 2447
2053 2583
2057 2588
2059 2420
2060 2637
2061 2412
2064 2114
2065 2597
2066 2081
2068 2594
2069 2363
2070 2345
2071 2370
2072 2222
2073 2122
2074 2572
2077 2277
2080 2307
2083 2289
2085 2448
2088 2310
2090 2238
2093 2585
2096 2466
2098 2658
2100 2687
2101 2708
2102 2665
2103 2609
2104 2704
2105 2677
2107 2283
2108 2396
2109 2208
2110 2192
2111 2662
2115 2671
2117 2261
2119 2508
2120 2514
2126 2271
2129 2633
2131 2751
2139 2179
2141 2575
2142 2298
2146 2619
2148 2772
2149 2297
2151 2543
2153 2511
2154 2630
2155 2550
2158 2503
2159 2321
2165 2360
2166 2415
2167 2300
2170 2720
2171 2616
2172 2202
2176 2787
2178 2713
2180 2523
2181 2496
2182 2217
2183 2759
2184 2730
2185 2742
2186 2248
2188 2762
2190 2690
2191 2471
2193 2587
2195 2565
2196 2337
2199 2814
2200 2551
2201 2319
2203 2791
2207 2494
2210 2569
2212 2340
2216 2610
2219 2488
2220 2294
2224 2434
2226 2463
2227 2627
2228 2632
2229 2599
2230 2328
2232 2798
2233 2695
2234 2556
2236 2529
2237 2545
2239 2538
2241 2777
2247 2535
2250 2410
2251 2737
2253 2855
2254 2819
2255 2683
2256 2621
2257 2651
2258 2805
2259 2526
2260 2729
2262 2423
2263 2393
2265 2674
2266 2446
2268 2806
2269 2612
2270 2863
2272 2888
2273 2581
2274 2495
2275 2676
2276 2336
2278 2709
2279 2750
2282 2379
2287 2454
2288 2292
2291 2468
2293 2719
2295 2887
2296 2375
2299 2642
2301 2832
2302 2624
2303 2586
2304 2324
2305 2823
2306 2818
2309 2861
2314 2811
2316 2913
2322 2761
2323 2685
2326 2477
2331 2712
2332 2349
2333 2456
2334 2347
2339 2574
2342 2758
2343 2606
2346 2882
2350 2490
2351 2910
2353 2852
2356 2804
2357 2900
2358 2892
2359 2797
2362 2382
2364 2731
2366 2754
2367 2631
2368 2875
2373 2600
2377 2664
2380 2384
2383 2884
2387 2506
2388 2464
2390 2858
2391 2703
2392 2929
2394 2799
2395 2552
2399 2657
2400 2959
2401 2598
2403 2645
2404 2843
2407 2670
2409 2941
2414 2715
2416 2817
2419 2834
2421 2519
2422 2965
2424 3020
2426 2439
2427 2485
2429 2839
2432 2972
2433 2949
2435 3054
2436 3001
2438 2942
2442 2991
2444 2740
2450 2710
2451 2770
2452 2962
2453 3064
2455 2672
2457 2793
2458 2846
2459 2951
2461 2889
2462 2933
2465 2576
2470 2773
2474 2722
2475 2813
2476 3035
2479 2783
2480 2510
2481 2560
2482 3045
2483 3103
2484 2873
2486 2934
2487 2724
2489 2835
2492 2990
2497 2601
2499 2954
2500 2682
2501 2872
2502 2992
2504 3080
2513 3093
2515 2876
2517 2821
2518 2825
2521 2778
2522 2649
2525 3073
2528 2958
2530 2860
2531 2654
2532 2605
2533 3087
2534 2584
2536 3055
2537 2829
2539 2836
2540 3133
2542 2655
2544 2983
2546 2885
2547 2667
2548 3002
2549 3036
2553 2916
2554 3084
2555 2982
2557 2912
2558 2656
2559 2571
2561 2629
2562 2767
2563 2766
2564 3008
2566 2800
2567 3052
2570 2901
2573 2716
2577 3176
2578 2897
2579 3174
2580 3095
2582 3017
2589 2997
2590 3038
2591 2984
2592 2915
2593 3118
2595 2640
2596 3200
2603 2795
2604 2659
2607 2911
2608 2771
2613 2614
2617 2960
2618 2874
2622 2808
2625 2908
2626 2628
2634 2650
2635 3131
2636 3255
2639 2895
2643 3048
2644 3251
2646 3152
2647 3060
2648 3066
2652 2976
2653 3030
2660 3190
2661 2909
2663 3250
2666 2975
2668 3212
2669 3140
2673 2966
2675 2851
2678 3266
2679 3015
2680 3042
2681 3082
2684 3091
2686 3310
2688 3138
2689 3237
2691 2826
2692 3072
2693 2907
2694 2784
2696 2944
2697 3078
2698 2749
2699 2898
2700 3130
2701 2744
2702 2869
2705 2840
2706 3248
2707 3312
2711 3210
2714 3164
2717 3324
2718 3261
2721 3125
2723 2948
2725 2994
2726 2871
2727 2847
2728 3196
2732 3044
2733 2936
2734 3111
2735 3178
2736 3254
2738 3166
2739 3280
2741 3070
2743 2987
2745 3144
2746 2940
2747 2868
2748 3187
2752 3244
2753 3199
2755 3316
2756 3269
2757 2999
2760 2917
2763 3026
2764 3246
2765 2857
2768 3079
2769 2810
2774 3167
2775 3014
2776 2849
2779 2867
2780 3012
2781 2923
2782 3098
2785 3311
2786 2964
2788 3147
2789 3377
2790 3325
2792 3129
2794 3027
2796 3353
2801 3180
2802 3297
2803 3114
2807 2824
2809 3265
2812 2967
2815 3277
2816 3256
2820 3343
2822 3262
2827 3120
2828 2985
2830 3267
2831 2993
2833 2995
2837 3071
2838 3061
2841 3000
2842 2844
2845 3189
2848 3208
2850 3351
2853 3384
2854 3378
2856 3153
2859 3239
2862 3092
2864 3322
2865 3259
2866 3119
2870 3375
2877 3404
2878 3112
2879 3405
2880 3332
2881 3076
2883 3232
2886 3386
2890 3408
2891 3023
2893 3169
2894 3228
2896 3090
2899 3486
2902 3454
2903 3307
2904 3498
2905 3443
2906 3029
2914 2979
2918 3435
2919 3243
2920 3075
2921 3272
2922 3137
2924 3477
2925 2970
2926 3037
2927 2935
2928 3344
2930 3028
2931 3449
2932 2947
2937 3502
2938 3013
2939 3227
2943 3485
2945 3031
2946 3207
2950 3314
2952 3403
2953 3113
2955 3057
2956 3524
2957 3460
2961 3148
2963 3214
2968 3417
2969 3308
2971 3226
2973 3481
2974 3124
2977 3554
2978 3183
2980 3139
2981 3462
2986 3567
2988 3518
2989 3409
2996 3542
2998 3422
3003 3149
3004 3333
3005 3253
3006 3424
3007 3151
3009 3382
3010 3592
3011 3305
3016 3043
3018 3395
3019 3436
3021 3495
3022 3630
3024 3363
3025 3598
3032 3523
3033 3468
3034 3414
3039 3656
3040 3354
3041 3291
3046 3625
3047 3433
3049 3665
3050 3663
3051 3602
3053 3346
3056 3451
3058 3638
3059 3222
3062 3614
3063 3402
3065 3410
3067 3427
3068 3132
3069 3085
3074 3661
3077 3537
3081 3421
3083 3390
3086 3394
3088 3604
3089 3431
3094 3177
3096 3285
3097 3507
3099 3713
3100 3397
3101 3201
3102 3134
3104 3185
3105 3217
3106 3497
3107 3209
3108 3317
3109 3281
3110 3641
3115 3359
3116 3506
3117 3737
3121 3595
3122 3398
3123 3736
3126 3503
3127 3678
3128 3430
3135 3203
3136 3716
3141 3586
3142 3279
3143 3757
3145 3361
3146 3687
3150 3448
3154 3429
3155 3376
3156 3760
3157 3581
3158 3294
3159 3426
3160 3276
3161 3367
3162 3318
3163 3301
3165 3704
3168 3746
3170 3260
3171 3767
3172 3184
3173 3754
3175 3532
3179 3530
3181 3707
3182 3688
3186 3313
3188 3526
3191 3549
3192 3224
3193 3371
3194 3202
3195 3242
3197 3730
3198 3780
3204 3501
3205 3418
3206 3223
3211 3257
3213 3800
3215 3499
3216 3739
3218 3247
3219 3348
3220 3413
3221 3274
3225 3252
3229 3728
3230 3632
3231 3740
3233 3675
3234 3350
3235 3814
3236 3289
3238 3536
3240 3564
3241 3483
3245 3249
3258 3612
3263 3288
3264 3804
3268 3508
3270 3534
3271 3531
3273 3887
3275 3327
3278 3810
3282 3369
3283 3563
3284 3447
3286 3541
3287 3866
3290 3529
3292 3511
3293 3913
3295 3328
3296 3494
3298 3717
3299 3869
3300 3761
3302 3925
3303 3846
3304 3321
3306 3662
3309 3732
3315 3320
3319 3649
3323 3473
3326 3610
3329 3703
3330 3826
3331 3933
3334 3519
3335 3818
3336 3680
3337 3821
3338 3952
3339 3733
3340 3876
3341 3927
3342 3639
3345 3420
3347 3622
3349 3868
3352 3509
3355 3683
3356 3845
3357 3693
3358 3695
3360 3741
3362 3514
3364 3631
3365 3438
3366 3415
3368 3456
3370 3648
3372 3980
3373 3872
3374 3790
3379 3550
3380 3772
3381 3605
3383 3489
3385 3442
3387 3935
3388 3956
3389 3600
3391 4000
3392 3517
3393 3976
3396 3770
3399 3882
3400 3885
3401 3963
3406 3411
3407 3432
3412 3725
3416 3528
3419 3806
3423 3795
3425 4012
3428 3515
3434 3951
3437 3609
3439 4028
3440 3743
3441 3589
3444 4056
3445 4019
3446 3857
3450 3991
3452 3560
3453 3782
3455 4010
3457 3898
3458 3915
3459 3897
3461 3696
3463 3834
3464 3520
3465 3657
3466 4057
3467 4007
3469 3836
3470 3558
3471 3546
3472 3773
3474 4068
3475 3803
3476 3776
3478 4026
3479 3974
3480 4014
3482 3738
3484 3903
3487 3617
3488 3679
3490 3807
3491 3797
3492 3608
3493 3700
3496 3886
3500 3921
3504 3756
3505 3941
3510 3865
3512 4122
3513 3965
3516 3843
3521 3669
3522 4106
3525 3538
3527 3794
3533 3561
3535 3593
3539 3562
3540 4003
3543 4027
3544 3574
3545 4085
3547 4112
3548 3867
3551 4160
3552 3875
3553 3619
3555 3691
3556 4036
3557 3709
3559 3789
3565 4079
3566 4109
3568 4111
3569 3705
3570 3944
3571 3832
3572 3588
3573 3994
3575 3599
3576 4039
3577 3710
3578 4171
3579 3859
3580 4177
3582 4187
3583 3893
3584 4170
3585 4105
3587 4148
3590 4161
3591 4176
3594 4191
3596 3855
3597 4083
3601 4194
3603 3940
3606 4046
3607 3812
3611 3660
3613 3982
3615 4164
3616 3689
3618 4081
3620 3922
3621 4226
3623 3671
3624 3735
3626 3815
3627 4197
3628 4034
3629 3726
3633 3658
3634 3637
3635 4139
3636 4224
3640 4201
3642 4248
3643 4144
3644 3715
3645 3670
3646 4240
3647 4225
3650 4062
3651 4235
3652 3701
3653 4182
3654 4009
3655 4066
3659 4168
3664 3727
3666 3923
3667 3978
3668 3777
3672 4206
3673 3694
3674 4259
3676 4280
3677 4165
3681 3764
3682 3884
3684 3948
3685 4058
3686 4045
3690 3854
3692 4140
3697 3934
3698 4093
3699 3766
3702 4051
3706 4284
3708 4221
3711 4047
3712 3949
3714 3983
3718 4078
3719 3729
3720 4246
3721 4199
3722 4250
3723 4098
3724 3829
3731 3878
3734 4354
3742 3784
3744 3874
3745 4102
3747 4304
3748 4196
3749 3966
3750 4054
3751 4107
3752 4372
3753 4324
3755 4315
3758 3967
3759 4352
3762 3839
3763 3830
3765 3828
3768 4272
3769 3900
3771 3936
3774 4033
3775 3954
3778 3863
3779 3993
3781 3787
3783 4374
3785 4273
3786 4186
3788 4030
3791 4121
3792 3888
3793 4312
3796 4190
3798 3802
3799 4174
3801 4342
3805 3837
3808 4115
3809 4100
3811 4399
3813 4356
3816 4325
3817 3825
3819 4345
3820 4169
3822 3880
3823 4305
3824 4268
3827 4011
3831 3985
3833 4289
3835 4433
3838 4276
3840 3891
3841 4319
3842 4353
3844 4104
3847 4472
3848 4002
3849 3858
3850 4475
3851 4128
3852 4055
3853 4292
3856 4293
3860 3917
3861 3889
3862 4101
3864 4473
3870 3977
3871 4461
3873 4378
3877 4464
3879 4037
3881 4099
3883 4279
3890 3981
3892 4477
3894 4437
3895 4494
3896 3919
3899 4145
3901 4420
3902 4005
3904 4202
3905 4142
3906 4452
3907 4422
3908 4149
3909 4067
3910 4124
3911 4333
3912 3971
3914 4277
3916 3961
3918 4480
3920 4218
3924 4545
3926 4219
3928 4329
3929 4183
3930 4133
3931 4188
3932 4347
3937 4322
3938 4341
3939 4513
3942 4152
3943 4355
3945 4063
3946 4313
3947 4074
3950 4508
3953 4181
3955 4431
3957 4291
3958 3973
3959 4360
3960 4390
3962 4532
3964 4024
3968 4440
3969 4492
3970 4136
3972 4441
3975 4029
3979 4563
3984 4032
3986 4537
3987 4548
3988 3996
3989 4071
3990 4423
3992 4158
3995 4298
3997 4509
3998 4335
3999 4568
4001 4573
4004 4412
4006 4613
4008 4108
4013 4087
4015 4135
4016 4434
4017 4090
4018 4427
4020 4579
4021 4193
4022 4156
4023 4408
4025 4249
4031 4050
4035 4307
4038 4413
4040 4531
4041 4479
4042 4646
4043 4584
4044 4478
4048 4470
4049 4069
4052 4459
4053 4244
4059 4155
4060 4217
4061 4387
4064 4316
4065 4456
4070 4368
4072 4505
4073 4192
4075 4236
4076 4524
4077 4654
4080 4608
4082 4695
4084 4436
4086 4402
4088 4655
4089 4488
4091 4482
4092 4626
4094 4254
4095 4138
4096 4163
4097 4231
4103 4621
4110 4126
4113 4147
4114 4474
4116 4553
4117 4414
4118 4630
4119 4699
4120 4311
4123 4725
4125 4549
4127 4578
4129 4619
4130 4283
4131 4258
4132 4737
4134 4536
4137 4455
4141 4662
4143 4167
4146 4624
4150 4702
4151 4746
4153 4595
4154 4666
4157 4698
4159 4718
4162 4775
4166 4257
4172 4444
4173 4575
4175 4705
4178 4617
4179 4361
4180 4582
4184 4481
4185 4446
4189 4256
4195 4363
4198 4419
4200 4771
4203 4260
4204 4804
4205 4806
4207 4222
4208 4215
4209 4824
4210 4704
4211 4693
4212 4811
4213 4351
4214 4752
4216 4550
4220 4807
4223 4243
4227 4741
4228 4720
4229 4667
4230 4287
4232 4274
4233 4761
4234 4454
4237 4539
4238 4554
4239 4344
4241 4565
4242 4768
4245 4672
4247 4749
4251 4678
4252 4552
4253 4294
4255 4707
4261 4856
4262 4663
4263 4570
4264 4864
4265 4447
4266 4525
4267 4729
4269 4607
4270 4826
4271 4506
4275 4875
4278 4857
4281 4683
4282 4367
4285 4716
4286 4406
4288 4469
4290 4424
4295 4660
4296 4816
4297 4512
4299 4403
4300 4701
4301 4827
4302 4885
4303 4457
4306 4392
4308 4523
4309 4882
4310 4405
4314 4499
4317 4664
4318 4913
4320 4580
4321 4609
4323 4593
4326 4948
4327 4417
4328 4389
4330 4802
4331 4467
4332 4730
4334 4632
4336 4769
4337 4796
4338 4869
4339 4757
4340 4648
4343 4899
4346 4855
4348 4511
4349 4822
4350 4516
4357 4583
4358 4865
4359 4765
4362 4555
4364 4872
4365 4776
4366 4921
4369 4519
4370 4870
4371 4756
4373 4858
4375 4567
4376 4687
4377 4970
4379 4774
4380 4996
4381 4941
4382 4453
4383 4533
4384 4734
4385 5001
4386 4561
4388 5010
4391 4458
4393 4755
4394 5013
4395 4966
4396 5017
4397 4407
4398 4785
4400 4942
4401 5008
4404 4836
4409 4590
4410 4603
4411 4781
4415 4633
4416 4518
4418 4887
4421 4897
4425 4960
4426 4443
4428 4803
4429 4735
4430 4844
4432 4679
4435 4586
4438 4541
4439 4468
4442 4839
4445 4644
4448 5053
4449 4493
4450 4838
4451 5011
4460 4689
4462 4620
4463 4895
4465 4576
4466 4551
4471 5073
4476 4589
4483 4992
4484 4950
4485 5062
4486 4596
4487 4556
4489 4900
4490 4673
4491 4753
4495 4577
4496 4566
4497 4680
4498 4968
4500 4846
4501 5097
4502 5127
4503 4650
4504 5042
4507 4759
4510 4542
4514 4639
4515 4535
4517 5075
4520 4911
4521 5021
4522 5007
4526 4940
4527 4652
4528 4592
4529 5016
4530 4560
4534 4929
4538 4883
4540 4649
4543 5057
4544 5068
4546 4790
4547 4853
4557 4733
4558 4967
4559 5099
4562 5038
4564 5080
4569 4585
4571 4788
4572 5169
4574 5179
4581 4835
4587 4670
4588 5098
4591 5152
4594 4922
4597 4881
4598 5183
4599 5103
4600 5195
4601 5055
4602 4863
4604 4944
4605 5149
4606 5056
4610 4934
4611 5203
4612 5210
4614 5048
4615 5191
4616 4719
4618 5120
4622 4717
4623 4829
4625 5200
4627 5130
4628 4961
4629 4862
4631 5233
4634 5157
4635 4815
4636 4993
4637 5116
4638 5223
4640 4801
4641 4909
4642 5222
4643 4873
4645 4714
4647 5217
4651 4917
4653 4866
4656 4770
4657 5254
4658 4935
4659 5060
4661 4686
4665 5209
4668 5288
4669 4721
4671 5012
4674 5251
4675 5162
4676 5144
4677 5148
4681 4988
4682 4825
4684 4787
4685 4789
4688 5182
4690 4947
4691 5170
4692 4939
4694 5261
4696 4706
4697 5311
4700 4852
4703 5282
4708 4898
4709 4945
4710 5314
4711 5212
4712 5029
4713 5328
4715 4773
4722 5309
4723 5118
4724 5205
4726 5167
4727 5083
4728 4848
4731 5216
4732 4748
4736 5000
4738 5275
4739 4987
4740 4813
4742 5319
4743 5306
4744 5155
4745 5034
4747 5161
4750 4946
4751 5197
4754 5342
4758 4914
4760 5253
4762 5302
4763 5110
4764 5317
4766 5243
4767 5208
4772 4889
4777 4951
4778 5074
4779 4845
4780 5087
4782 5312
4783 5211
4784 5207
4786 5065
4791 4876
4792 4964
4793 5196
4794 4973
4795 5250
4797 5371
4798 4840
4799 5368
4800 5215
4805 5239
4808 5402
4809 5067
4810 5077
4812 4877
4814 4818
4817 5101
4819 4931
4820 5359
4821 5106
4823 5270
4828 5406
4830 5019
4831 4927
4832 4971
4833 5426
4834 5358
4837 5441
4841 5054
4842 5082
4843 5425
4847 5248
4849 4943
4850 5072
4851 5044
4854 4912
4859 4874
4860 5280
4861 5258
4867 5364
4868 5249
4871 5430
4878 5133
4879 5334
4880 5495
4884 5224
4886 5142
4888 5113
4890 5464
4891 5307
4892 5456
4893 5305
4894 5327
4896 5002
4901 5478
4902 4986
4903 5416
4904 5022
4905 5350
4906 5059
4907 5049
4908 5512
4910 5050
4915 5126
4916 5035
4918 5401
4919 5041
4920 4989
4923 5427
4924 5071
4925 5268
4926 5523
4928 5507
4930 5419
4932 5108
4933 5472
4936 5037
4937 5496
4938 5418
4949 5291
4952 5569
4953 5186
4954 5487
4955 5141
4956 5440
4957 5508
4958 5583
4959 5531
4962 5573
4963 5541
4965 5483
4969 5139
4972 5283
4974 5134
4975 5571
4976 5386
4977 5236
4978 5445
4979 5560
4980 5163
4981 5061
4982 5028
4983 5433
4984 5550
4985 5576
4990 5376
4991 5045
4994 5357
4995 5499
4997 5468
4998 5336
4999 5435
5003 5384
5004 5005
5006 5422
5009 5015
5014 5070
5018 5382
5020 5389
5023 5567
5024 5390
5025 5647
5026 5611
5027 5272
5030 5356
5031 5104
5032 5361
5033 5448
5036 5366
5039 5407
5040 5447
5043 5477
5046 5188
5047 5190
5051 5340
5052 5274
5058 5301
5063 5411
5064 5431
5066 5459
5069 5273
5076 5490
5078 5244
5079 5199
5081 5193
5084 5287
5085 5622
5086 5642
5088 5561
5089 5399
5090 5378
5091 5237
5092 5589
5093 5421
5094 5214
5095 5557
5096 5536
5100 5165
5102 5610
5105 5598
5107 5225
5109 5462
5111 5257
5112 5683
5114 5173
5115 5530
5117 5546
5119 5547
5121 5362
5122 5354
5123 5720
5124 5542
5125 5681
5128 5295
5129 5516
5131 5708
5132 5153
5135 5522
5136 5337
5137 5221
5138 5451
5140 5498
5143 5637
5145 5238
5146 5154
5147 5423
5150 5711
5151 5654
5156 5482
5158 5566
5159 5677
5160 5581
5164 5742
5166 5753
5168 5372
5171 5417
5172 5377
5174 5412
5175 5763
5176 5745
5177 5659
5178 5800
5180 5599
5181 5450
5184 5792
5185 5676
5187 5636
5189 5671
5192 5618
5194 5616
5198 5501
5201 5480
5202 5213
5204 5688
5206 5579
5218 5625
5219 5284
5220 5322
5226 5391
5227 5247
5228 5286
5229 5348
5230 5582
5231 5698
5232 5699
5234 5555
5235 5724
5240 5696
5241 5813
5242 5325
5245 5741
5246 5346
5252 5591
5255 5764
5256 5420
5259 5818
5260 5782
5262 5670
5263 5693
5264 5854
5265 5392
5266 5643
5267 5289
5269 5505
5271 5324
5276 5466
5277 5744
5278 5329
5279 5684
5281 5645
5285 5887
5290 5339
5292 5822
5293 5832
5294 5475
5296 5655
5297 5620
5298 5837
5299 5734
5300 5710
5303 5793
5304 5766
5308 5559
5310 5895
5313 5653
5315 5621
5316 5795
5318 5775
5320 5338
5321 5528
5323 5575
5326 5630
5330 5661
5331 5806
5332 5721
5333 5648
5335 5722
5341 5543
5343 5841
5344 5603
5345 5859
5347 5893
5349 5891
5351 5934
5352 5638
5353 5932
5355 5919
5360 5387
5363 5650
5365 5383
5367 5398
5369 5757
5370 5749
5373 5754
5374 5861
5375 5982
5379 5767
5380 5929
5381 5988
5385 5962
5388 5518
5393 5394
5395 5544
5396 5686
5397 5438
5400 5991
5403 5735
5404 5540
5405 5965
5408 5679
5409 5815
5410 5869
5413 5657
5414 6013
5415 5907
5424 5814
5428 5920
5429 5634
5432 5877
5434 6030
5436 5607
5437 5700
5439 5692
5442 5940
5443 5944
5444 5604
5446 5834
5449 5808
5452 5786
5453 5937
5454 5771
5455 5460
5457 5506
5458 5729
5461 6055
5463 5799
5465 5537
5467 5777
5469 5572
5470 5925
5471 5969
5473 6072
5474 5701
5476 5820
5479 5797
5481 5825
5484 5956
5485 5830
5486 5880
5488 5835
5489 5733
5491 5840
5492 5959
5493 5788
5494 5553
5497 5868
5500 6029
5502 5823
5503 5967
5504 5513
5509 5826
5510 6037
5511 5862
5514 6003
5515 6128
5517 5748
5519 6135
5520 5694
5521 5568
5524 6033
5525 5669
5526 5740
5527 5977
5529 6129
5532 5875
5533 5601
5534 5746
5535 5682
5538 6098
5539 6144
5545 5577
5548 5979
5549 5713
5551 5912
5552 5614
5554 6109
5556 6012
5558 6093
5562 6183
5563 5946
5564 5769
5565 6085
5570 6186
5574 6188
5578 5857
5580 5983
5584 6125
5585 6091
5586 6210
5587 5628
5588 5917
5590 6010
5592 5705
5593 5998
5594 5595
5596 6083
5597 6090
5600 6194
5602 5651
5605 5870
5606 6068
5608 5747
5609 6035
5612 6179
5613 5999
5615 5885
5617 5663
5619 6201
5623 5936
5624 6178
5626 5975
5627 5931
5629 5750
5631 5918
5632 6214
5633 6115
5635 6061
5639 6160
5640 6250
5641 5707
5644 5838
5646 5924
5649 6216
5652 6078
5656 6190
5658 5660
5662 6134
5664 6242
5665 5881
5666 6143
5667 6054
5668 6292
5672 6011
5673 6019
5674 6272
5675 5726
5678 6024
5680 6121
5685 6105
5687 5866
5689 5798
5690 6274
5691 6103
5695 6209
5697 6275
5702 6118
5703 6245
5704 6191
5706 5819
5709 6119
5712 5848
5714 6226
5715 6150
5716 5942
5717 6108
5718 6289
5719 5997
5723 6016
5725 6067
5727 6203
5728 6152
5730 6236
5731 6324
5732 5949
5736 6321
5737 5856
5738 5849
5739 5985
5743 5807
5751 6004
5752 5971
5755 6079
5756 5886
5758 6218
5759 6044
5760 6080
5761 6355
5762 6208
5765 6110
5768 6235
5770 6240
5772 6302
5773 5950
5774 6153
5776 5839
5778 6073
5779 6402
5780 5966
5781 5947
5783 6075
5784 6060
5785 6025
5787 6335
5789 6412
5790 6339
5791 6368
5794 6205
5796 6375
5801 6104
5802 6417
5803 6248
5804 6427
5805 6261
5809 6333
5810 6348
5811 6057
5812 6391
5816 6325
5817 6260
5821 5864
5824 6136
5827 6051
5828 5938
5829 6401
5831 6389
5833 6156
5836 6262
5842 6255
5843 5898
5844 6357
5845 6126
5846 6018
5847 6296
5850 6192
5851 6265
5852 6430
5853 5896
5855 6076
5858 6331
5860 6014
5863 6031
5865 6336
5867 6344
5871 6360
5872 6496
5873 6347
5874 6095
5876 6393
5878 6305
5879 6471
5882 6008
5883 6052
5884 6315
5888 6397
5889 6277
5890 6253
5892 6225
5894 6040
5897 6026
5899 6034
5900 6361
5901 6525
5902 6063
5903 6442
5904 6395
5905 6408
5906 6353
5908 6426
5909 6448
5910 6101
5911 6346
5913 6173
5914 6254
5915 6100
5916 6474
5921 6232
5922 6491
5923 5954
5926 6449
5927 6064
5928 5978
5930 6345
5933 6490
5935 5963
5939 6106
5941 6398
5943 6174
5945 6560
5948 6358
5951 6457
5952 6168
5953 5996
5955 6530
5957 6200
5958 6087
5960 6573
5961 6519
5964 6313
5968 6438
5970 6142
5972 6117
5973 6116
5974 6206
5976 6540
5980 6574
5981 6557
5984 6053
5986 6399
5987 6027
5989 6407
5990 6311
5992 6527
5993 5994
5995 6565
6000 6596
6001 6614
6002 6522
6005 6606
6006 6447
6007 6451
6009 6564
6015 6377
6017 6461
6020 6570
6021 6278
6022 6364
6023 6465
6028 6145
6032 6630
6036 6317
6038 6624
6039 6158
6041 6481
6042 6359
6043 6640
6045 6227
6046 6077
6047 6643
6048 6124
6049 6659
6050 6147
6056 6342
6058 6184
6059 6683
6062 6291
6065 6154
6066 6212
6069 6500
6070 6632
6071 6276
6074 6320
6081 6204
6082 6133
6084 6701
6086 6581
6088 6338
6089 6618
6092 6697
6094 6597
6096 6719
6097 6718
6099 6674
6102 6246
6107 6434
6111 6675
6112 6486
6113 6738
6114 6384
6120 6551
6122 6539
6123 6658
6127 6270
6130 6587
6131 6155
6132 6244
6137 6369
6138 6363
6139 6509
6140 6498
6141 6550
6146 6477
6148 6622
6149 6378
6151 6731
6157 6479
6159 6704
6161 6721
6162 6177
6163 6639
6164 6743
6165 6415
6166 6628
6167 6475
6169 6544
6170 6707
6171 6627
6172 6585
6175 6476
6176 6383
6180 6613
6181 6365
6182 6793
6185 6668
6187 6592
6189 6571
6193 6818
6195 6464
6196 6806
6197 6394
6198 6523
6199 6243
6202 6648
6207 6456
6211 6588
6213 6788
6215 6814
6217 6435
6219 6759
6220 6352
6221 6241
6222 6709
6223 6433
6224 6371
6228 6780
6229 6747
6230 6543
6231 6760
6233 6692
6234 6820
6237 6328
6238 6727
6239 6804
6247 6754
6249 6706
6251 6805
6252 6484
6256 6851
6257 6717
6258 6853
6259 6554
6263 6295
6264 6705
6266 6843
6267 6637
6268 6889
6269 6541
6271 6836
6273 6880
6279 6757
6280 6695
6281 6735
6282 6610
6283 6536
6284 6712
6285 6599
6286 6867
6287 6902
6288 6416
6290 6654
6293 6463
6294 6886
6297 6548
6298 6472
6299 6595
6300 6676
6301 6758
6303 6832
6304 6800
6306 6770
6307 6370
6308 6748
6309 6876
6310 6603
6312 6636
6314 6410
6316 6584
6318 6693
6319 6526
6322 6428
6323 6868
6326 6492
6327 6332
6329 6826
6330 6458
6334 6616
6337 6531
6340 6847
6341 6372
6343 6945
6349 6400
6350 6807
6351 6460
6354 6931
6356 6794
6362 6774
6366 6949
6367 6975
6373 6547
6374 6604
6376 6816
6379 6667
6380 6769
6381 6651
6382 6982
6385 6866
6386 6473
6387 6973
6388 6441
6390 6784
6392 6998
6396 6740
6403 6678
6404 6838
6405 6568
6406 6970
6409 6671
6411 6620
6413 7018
6414 6469
6418 6480
6419 7035
6420 6690
6421 6929
6422 6872
6423 6926
6424 6559
6425 6686
6429 6656
6431 6558
6432 6713
6436 6593
6437 6798
6439 6649
6440 6583
6443 7049
6444 7002
6445 6961
6446 6883
6450 6631
6452 6972
6453 6520
6454 6882
6455 6789
6459 6778
6462 6532
6466 7051
6467 6499
6468 7060
6470 6939
6478 6660
6482 6887
6483 6679
6485 6621
6487 7090
6488 6556
6489 6669
6493 6626
6494 6598
6495 7040
6497 6797
6501 6664
6502 6505
6503 6728
6504 6913
6506 6960
6507 6899
6508 6563
6510 7122
6511 6828
6512 7019
6513 7021
6514 6914
6515 6885
6516 6865
6517 6822
6518 6860
6521 7043
6524 7140
6528 7075
6529 7036
6533 7025
6534 7139
6535 7014
6537 7100
6538 6673
6542 6796
6545 6600
6546 6625
6549 6881
6552 6761
6553 7096
6555 7104
6561 6852
6562 6655
6566 6953
6567 6729
6569 6968
6572 7007
6575 7152
6576 6773
6577 6844
6578 7110
6579 7147
6580 6951
6582 6688
6586 7034
6589 6848
6590 6666
6591 7121
6594 7065
6601 6633
6602 7146
6605 6650
6607 6948
6608 6684
6609 7159
6611 6859
6612 7167
6615 7069
6617 7213
6619 7243
6623 6725
6629 7109
6634 7191
6635 7000
6638 6935
6641 7205
6642 6950
6644 7166
6645 7261
6646 6768
6647 7181
6652 7089
6653 7156
6657 7273
6661 6777
6662 7241
6663 6827
6665 6845
6670 6888
6672 7203
6677 7137
6680 7285
6681 6870
6682 6874
6685 7135
6687 7253
6689 7042
6691 7144
6694 7116
6696 6795
6698 7045
6699 6841
6700 7244
6702 7128
6703 6916
6708 7202
6710 7255
6711 7175
6714 7178
6715 7057
6716 7033
6720 7150
6722 7099
6723 6922
6724 7017
6726 6849
6730 7219
6732 6976
6733 7001
6734 7245
6736 7214
6737 7257
6739 7236
6741 7239
6742 7185
6744 7196
6745 6965
6746 7143
6749 7297
6750 6782
6751 7023
6752 7281
6753 6775
6755 6981
6756 7124
6762 7052
6763 6984
6764 7141
6765 7044
6766 7173
6767 7238
6771 7237
6772 7038
6776 6938
6779 7151
6781 7325
6783 7011
6785 7388
6786 7056
6787 7204
6790 7251
6791 7195
6792 6835
6799 7307
6801 7071
6802 7163
6803 6811
6808 7358
6809 6917
6810 7174
6812 7345
6813 6831
6815 6895
6817 7127
6819 7030
6821 7418
6823 7264
6824 7225
6825 7395
6829 7405
6830 6993
6833 7332
6834 7154
6837 7230
6839 6840
6842 7443
6846 7039
6850 6997
6854 7263
6855 7029
6856 6901
6857 6936
6858 7347
6861 7420
6862 7367
6863 7059
6864 7423
6869 7480
6871 6934
6873 7028
6875 7053
6877 7381
6878 7134
6879 6884
6890 7278
6891 7454
6892 7414
6893 7047
6894 7416
6896 7329
6897 7313
6898 7070
6900 6918
6903 7215
6904 7435
6905 7457
6906 7434
6907 7441
6908 7064
6909 7232
6910 7448
6911 7314
6912 7287
6915 7284
6919 6933
6920 7162
6921 7428
6923 7514
6924 7340
6925 7501
6927 7426
6928 6944
6930 7357
6932 7359
6937 7455
6940 7083
6941 7353
6942 7319
6943 7336
6946 7046
6947 7229
6952 7574
6954 7176
6955 7303
6956 7362
6957 7473
6958 7338
6959 7066
6962 7335
6963 7005
6964 7547
6966 7226
6967 7210
6969 7526
6971 7224
6974 7539
6977 7364
6978 7228
6979 7552
6980 7482
6983 7097
6985 7486
6986 7161
6987 7592
6988 7477
6989 7312
6990 7323
6991 7541
6992 7502
6994 7189
6995 7365
6996 7573
6999 7317
7003 7593
7004 7217
7006 7621
7008 7554
7009 7304
7010 7626
7012 7199
7013 7610
7015 7410
7016 7305
7020 7524
7022 7361
7024 7198
7026 7387
7027 7579
7031 7613
7032 7400
7037 7483
7041 7419
7048 7092
7050 7487
7054 7061
7055 7063
7058 7424
7062 7597
7067 7252
7068 7377
7072 7145
7073 7521
7074 7495
7076 7337
7077 7200
7078 7348
7079 7587
7080 7644
7081 7462
7082 7445
7084 7661
7085 7582
7086 7499
7087 7279
7088 7233
7091 7693
7093 7705
7094 7192
7095 7349
7098 7447
7101 7431
7102 7726
7103 7682
7105 7168
7106 7290
7107 7209
7108 7707
7111 7569
7112 7429
7113 7535
7114 7646
7115 7684
7117 7355
7118 7476
7119 7425
7120 7186
7123 7492
7125 7601
7126 7571
7129 7401
7130 7553
7131 7260
7132 7567
7133 7183
7136 7463
7138 7751
7142 7343
7148 7453
7149 7667
7153 7549
7155 7289
7157 7586
7158 7701
7160 7648
7164 7510
7165 7724
7169 7727
7170 7267
7171 7197
7172 7218
7177 7376
7179 7700
7180 7309
7182 7642
7184 7326
7187 7629
7188 7220
7190 7322
7193 7519
7194 7517
7201 7274
7206 7789
7207 7668
7208 7530
7211 7835
7212 7720
7216 7409
7221 7809
7222 7606
7223 7413
7227 7627
7231 7333
7234 7761
7235 7765
7240 7570
7242 7638
7246 7826
7247 7664
7248 7776
7249 7544
7250 7351
7254 7545
7256 7794
7258 7803
7259 7368
7262 7867
7265 7832
7266 7465
7268 7713
7269 7636
7270 7515
7271 7375
7272 7864
7275 7352
7276 7604
7277 7634
7280 7564
7282 7339
7283 7382
7286 7577
7288 7856
7291 7575
7292 7584
7293 7861
7294 7380
7295 7695
7296 7398
7298 7478
7299 7407
7300 7744
7301 7783
7302 7745
7306 7378
7308 7770
7310 7734
7311 7927
7315 7504
7316 7432
7318 7589
7320 7844
7321 7802
7324 7680
7327 7446
7328 7600
7330 7568
7331 7918
7334 7884
7341 7868
7342 7406
7344 7650
7346 7534
7350 7817
7354 7719
7356 7780
7360 7493
7363 7839
7366 7871
7369 7393
7370 7790
7371 7702
7372 7768
7373 7506
7374 7686
7379 7641
7383 7658
7384 7760
7385 7997
7386 7583
7389 7852
7390 7755
7391 7943
7392 7823
7394 7836
7396 7820
7397 7450
7399 7558
7402 7916
7403 7614
7404 7433
7408 7714
7411 7821
7412 7622
7415 7475
7417 7611
7421 7599
7422 7983
7427 7893
7430 7551
7436 7999
7437 8003
7438 7815
7439 7917
7440 7931
7442 7743
7444 7605
7449 7511
7451 8016
7452 7675
7456 7786
7458 7624
7459 7694
7460 7503
7461 7681
7464 7986
7466 7581
7467 7507
7468 7498
7469 7722
7470 7987
7471 7850
7472 7766
7474 7870
7479 7615
7481 7878
7484 7973
7485 7656
7488 7630
7489 7935
7490 8075
7491 7598
7494 8034
7496 8013
7497 7981
7500 7962
7505 7843
7508 7915
7509 7985
7512 7804
7513 7998
7516 7758
7518 7994
7520 7704
7522 8107
7523 8026
7525 7897
7527 7703
7528 7679
7529 7902
7531 7677
7532 7828
7533 7903
7536 7566
7537 8103
7538 7716
7540 8100
7542 8050
7543 7777
7546 7982
7548 7881
7550 7603
7555 8023
7556 7715
7557 8120
7559 8095
7560 7857
7561 7911
7562 8096
7563 8032
7565 7748
7572 8128
7576 8118
7578 8105
7580 8080
7585 8171
7588 7854
7590 7799
7591 7706
7594 7944
7595 7685
7596 7625
7602 7959
7607 7697
7608 7669
7609 7952
7612 8051
7616 7847
7617 7754
7618 7663
7619 8152
7620 7653
7623 7712
7628 8134
7631 8164
7632 8055
7633 7930
7635 8198
7637 7909
7639 7822
7640 8206
7643 8222
7645 7762
7647 8083
7649 8082
7651 8170
7652 8227
7654 8214
7655 7995
7657 8155
7659 8039
7660 8101
7662 7771
7665 7837
7666 7968
7670 7873
7671 8218
7672 8061
7673 8020
7674 8123
7676 7939
7678 8161
7683 7912
7687 7885
7688 8245
7689 8195
7690 8069
7691 7855
7692 8117
7696 8094
7698 8104
7699 8092
7708 8093
7709 7979
7710 8182
7711 7845
7717 8256
7718 7814
7721 8153
7723 7937
7725 8056
7728 7946
7729 8046
7730 7920
7731 8043
7732 7977
7733 7888
7735 8030
7736 8215
7737 8320
7738 8306
7739 8110
7740 7886
7741 8290
7742 8235
7746 8228
7747 8029
7749 7950
7750 7769
7752 8337
7753 7782
7756 7889
7757 8078
7759 7880
7763 8348
7764 8197
7767 7865
7772 8019
7773 8365
7774 7859
7775 7984
7778 7842
7779 8024
7781 8068
7784 8115
7785 8226
7787 8285
7788 8098
7791 8303
7792 8250
7793 8141
7795 8079
7796 8190
7797 7890
7798 8204
7800 8315
7801 8389
7805 8289
7806 8278
7807 7974
7808 8212
7810 8021
7811 8073
7812 8302
7813 8175
7816 8042
7818 8329
7819 8114
7824 8133
7825 8282
7827 7851
7829 7947
7830 8299
7831 8331
7833 7922
7834 8045
7838 8057
7840 7907
7841 8081
7846 8010
7848 8339
7849 8146
7853 7934
7858 8188
7860 8031
7862 8207
7863 8000
7866 8047
7869 7948
7872 8167
7874 8415
7875 8398
7876 8053
7877 8353
7879 7928
7882 8298
7883 8025
7887 7900
7891 7905
7892 8288
7894 7936
7895 8352
7896 8028
7898 8136
7899 8380
7901 8467
7904 8408
7906 8464
7908 8341
7910 8086
7913 8442
7914 8066
7919 8305
7921 8247
7923 8138
7924 8149
7925 8532
7926 7933
7929 8424
7932 8232
7938 8252
7940 8535
7941 8178
7942 8220
7945 8420
7949 8536
7951 8523
7953 8236
7954 8180
7955 8575
7956 8485
7957 8440
7958 8473
7960 8156
7961 8512
7963 8401
7964 8423
7965 8124
7966 8181
7967 8466
7969 8585
7970 8450
7971 8116
7972 8328
7975 8376
7976 8486
7978 8393
7980 8217
7988 8492
7989 8160
7990 8555
7991 8581
7992 8336
7993 8293
7996 8394
8001 8165
8002 8566
8004 8163
8005 8311
8006 8089
8007 8576
8008 8609
8009 8277
8011 8297
8012 8154
8014 8516
8015 8436
8017 8292
8018 8438
8022 8507
8027 8224
8033 8580
8035 8397
8036 8659
8037 8357
8038 8583
8040 8344
8041 8550
8044 8372
8048 8553
8049 8510
8052 8529
8054 8589
8058 8681
8059 8627
8060 8358
8062 8229
8063 8414
8064 8571
8065 8402
8067 8157
8070 8578
8071 8179
8072 8347
8074 8625
8076 8335
8077 8635
8084 8284
8085 8471
8087 8325
8088 8109
8090 8391
8091 8395
8097 8515
8099 8139
8102 8686
8106 8455
8108 8728
8111 8519
8112 8687
8113 8629
8119 8533
8121 8544
8122 8630
8125 8612
8126 8159
8127 8257
8129 8634
8130 8600
8131 8150
8132 8655
8135 8264
8137 8216
8140 8652
8142 8476
8143 8720
8144 8176
8145 8761
8147 8313
8148 8628
8151 8246
8158 8703
8162 8699
8166 8364
8168 8579
8169 8622
8172 8705
8173 8543
8174 8465
8177 8327
8183 8747
8184 8243
8185 8758
8186 8366
8187 8708
8189 8432
8191 8618
8192 8805
8193 8644
8194 8412
8196 8291
8199 8309
8200 8482
8201 8764
8202 8790
8203 8517
8205 8646
8208 8437
8209 8683
8210 8409
8211 8733
8213 8799
8219 8497
8221 8788
8223 8821
8225 8381
8230 8472
8231 8836
8233 8756
8234 8500
8237 8828
8238 8269
8239 8572
8240 8846
8241 8824
8242 8549
8244 8568
8248 8643
8249 8307
8251 8638
8253 8567
8254 8632
8255 8812
8258 8661
8259 8656
8260 8857
8261 8693
8262 8852
8263 8859
8265 8813
8266 8528
8267 8563
8268 8488
8270 8801
8271 8778
8272 8582
8273 8685
8274 8527
8275 8330
8276 8564
8279 8541
8280 8752
8281 8848
8283 8654
8286 8647
8287 8800
8294 8361
8295 8731
8296 8607
8300 8785
8301 8522
8304 8487
8308 8367
8310 8667
8312 8791
8314 8588
8316 8749
8317 8925
8318 8545
8319 8672
8321 8732
8322 8899
8323 8811
8324 8539
8326 8484
8332 8717
8333 8911
8334 8892
8338 8940
8340 8677
8342 8570
8343 8777
8345 8794
8346 8783
8349 8429
8350 8615
8351 8719
8354 8737
8355 8902
8356 8470
8359 8712
8360 8616
8362 8936
8363 8569
8368 8662
8369 8520
8370 8511
8371 8863
8373 8991
8374 8675
8375 8509
8377 8789
8378 8740
8379 8833
8382 8502
8383 8908
8384 8827
8385 8952
8386 8945
8387 8934
8388 8665
8390 8893
8392 8900
8396 8558
8399 8895
8400 8738
8403 8840
8404 8691
8405 8826
8406 8963
8407 8870
8410 8748
8411 8776
8413 8845
8416 8948
8417 8774
8418 9039
8419 8949
8421 8879
8422 9003
8425 8962
8426 8443
8427 8707
8428 8700
8430 8508
8431 8919
8433 8491
8434 8722
8435 8474
8439 8931
8441 8959
8444 8505
8445 8797
8446 8831
8447 8461
8448 8886
8449 8872
8451 8577
8452 9007
8453 8837
8454 8557
8456 8673
8457 8526
8458 8724
8459 9031
8460 9084
8462 9063
8463 8891
8468 9053
8469 9019
8475 8910
8477 8759
8478 8480
8479 9100
8481 8795
8483 9016
8489 8767
8490 9098
8493 9026
8494 9027
8495 9072
8496 9083
8498 8640
8499 8835
8501 9042
8503 8916
8504 8780
8506 8743
8513 9035
8514 8645
8518 8981
8521 9131
8524 8806
8525 8853
8530 8987
8531 9029
8534 8601
8537 8739
8538 8929
8540 9136
8542 9130
8546 8726
8547 8844
8548 9082
8551 9097
8552 8871
8554 8841
8556 9152
8559 8896
8560 9155
8561 8599
8562 9122
8565 8866
8573 8696
8574 9112
8584 8798
8586 9065
8587 8961
8590 9160
8591 8808
8592 9156
8593 8830
8594 9050
8595 9218
8596 8906
8597 9014
8598 8861
8602 9017
8603 8971
8604 8951
8605 9109
8606 9210
8608 9143
8610 8955
8611 9047
8613 9179
8614 9060
8617 9184
8619 9059
8620 9140
8621 8688
8623 9178
8624 9033
8626 9132
8631 8928
8633 8768
8636 9235
8637 9006
8639 8985
8641 8771
8642 8818
8648 8819
8649 9146
8650 9270
8651 8874
8653 8727
8657 8670
8658 9253
8660 8674
8663 8897
8664 9009
8666 8957
8668 9113
8669 8730
8671 8718
8676 9095
8678 8901
8679 8753
8680 8973
8682 8692
8684 9092
8689 8820
8690 8933
8694 8854
8695 8983
8697 9089
8698 9284
8701 9276
8702 9173
8704 8907
8706 9222
8709 9297
8710 9258
8711 8838
8713 9141
8714 9265
8715 8944
8716 8935
8721 8781
8723 9067
8725 9206
8729 8924
8734 8905
8735 9350
8736 9061
8741 9077
8742 9197
8744 9062
8745 9108
8746 8885
8750 9118
8751 9336
8754 8817
8755 9357
8757 9189
8760 9055
8762 9191
8763 9154
8765 9056
8766 9324
8769 9285
8770 9220
8772 9240
8773 9369
8775 9337
8779 9381
8782 9085
8784 9247
8786 8941
8787 9124
8792 9120
8793 9409
8796 9286
8802 9081
8803 9217
8804 9239
8807 8926
8809 9106
8810 9058
8814 9252
8815 9373
8816 9282
8822 9329
8823 8998
8825 9190
8829 9216
8832 9415
8834 9249
8839 9295
8842 9185
8843 8873
8847 9086
8849 9425
8850 9068
8851 9449
8855 9236
8856 9037
8858 9427
8860 8989
8862 8969
8864 9102
8865 9004
8867 9238
8868 9153
8869 8975
8875 8968
8876 8974
8877 9104
8878 9187
8880 9224
8881 9371
8882 9145
8883 9486
8884 9119
8887 9114
8888 9166
8889 9355
8890 9322
8894 9351
8898 9002
8903 9320
8904 9232
8909 8922
8912 9025
8913 9523
8914 9214
8915 9162
8917 9079
8918 9448
8920 9481
8921 9093
8923 9051
8927 9516
8930 9315
8932 9314
8937 9514
8938 9386
8939 9303
8942 8950
8943 9542
8946 9443
8947 9028
8953 9262
8954 9134
8956 9280
8958 9505
8960 9399
8964 9139
8965 9105
8966 9194
8967 9592
8970 9380
8972 9532
8976 9010
8977 9480
8978 9372
8979 9417
8980 9473
8982 9299
8984 9005
8986 9302
8988 9528
8990 9196
8992 9339
8993 9188
8994 9180
8995 9041
8996 9200
8997 9036
8999 9570
9000 9566
9001 9157
9008 9620
9011 9283
9012 9622
9013 9243
9015 9279
9018 9568
9020 9482
9021 9487
9022 9378
9023 9519
9024 9430
9030 9526
9032 9343
9034 9133
9038 9407
9040 9548
9043 9376
9044 9617
9045 9441
9046 9301
9048 9635
9049 9485
9052 9309
9054 9612
9057 9662
9064 9665
9066 9177
9069 9478
9070 9312
9071 9464
9073 9171
9074 9456
9075 9630
9076 9496
9078 9463
9080 9271
9087 9679
9088 9395
9090 9382
9091 9391
9094 9446
9096 9694
9099 9164
9101 9579
9103 9296
9107 9175
9110 9520
9111 9394
9115 9149
9116 9365
9117 9721
9121 9437
9123 9341
9125 9607
9126 9699
9127 9707
9128 9710
9129 9724
9135 9603
9137 9260
9138 9387
9142 9611
9144 9634
9147 9649
9148 9734
9150 9680
9151 9494
9158 9389
9159 9503
9161 9348
9163 9460
9165 9535
9167 9199
9168 9436
9169 9507
9170 9328
9172 9244
9174 9703
9176 9490
9181 9435
9182 9498
9183 9311
9186 9768
9192 9738
9193 9626
9195 9439
9198 9397
9201 9404
9202 9802
9203 9599
9204 9550
9205 9451
9207 9383
9208 9547
9209 9725
9211 9543
9212 9416
9213 9552
9215 9231
9219 9658
9221 9385
9223 9616
9225 9676
9226 9654
9227 9792
9228 9264
9229 9756
9230 9345
9233 9361
9234 9529
9237 9433
9241 9843
9242 9551
9245 9259
9246 9655
9248 9818
9250 9316
9251 9844
9254 9293
9255 9515
9256 9300
9257 9419
9261 9833
9263 9817
9266 9637
9267 9879
9268 9605
9269 9305
9272 9687
9273 9657
9274 9705
9275 9847
9277 9564
9278 9781
9281 9326
9287 9731
9288 9418
9289 9741
9290 9497
9291 9353
9292 9400
9294 9414
9298 9459
9304 9408
9306 9711
9307 9696
9308 9859
9310 9479
9313 9604
9317 9739
9318 9715
9319 9893
9321 9477
9323 9653
9325 9335
9327 9522
9330 9772
9331 9906
9332 9887
9333 9453
9334 9410
9338 9546
9340 9670
9342 9957
9344 9686
9346 9926
9347 9885
9349 9855
9352 9584
9354 9454
9356 9667
9358 9718
9359 9594
9360 9745
9362 9636
9363 9898
9364 9375
9366 9977
9367 9870
9368 9700
9370 9476
9374 9639
9377 9943
9379 9466
9384 9925
9388 9823
9390 9955
9392 9888
9393 9440
9396 9574
9398 9521
9401 9941
9402 9979
9403 9934
9405 9619
9406 9716
9411 9723
9412 9858
9413 9900
9420 9582
9421 9554
9422 9648
9423 9671
9424 9727
9426 9821
9428 9646
9429 9640
9431 9556
9432 9820
9434 9800
9438 9953
9442 9786
9444 9838
9445 9758
9447 9949
9450 9651
9452 9673
9455 9880
9457 9502
9458 9664
9461 9846
9462 9774
9465 9883
9467 9912
9468 9729
9469 9659
9470 9629
9471 9561
9472 9983
9474 9988
9475 9935
9483 9939
9484 9647
9488 9744
9489 9962
9491 9567
9492 9632
9493 9824
9495 9976
9499 9849
9500 9825
9501 9826
9504 9951
9506 9512
9508 9803
9509 9719
9510 9807
9511 9791
9513 9597
9517 9714
9518 9530
9524 9866
9525 9929
9527 9674
9531 9767
9533 9600
9534 9863
9536 9580
9537 9813
9538 9924
9539 9754
9540 9840
9541 9884
9544 9613
9545 9688
9549 9742
9553 9779
9555 9693
9557 9810
9558 9944
9559 9973
9560 9706
9562 9981
9563 9986
9565 9708
9569 9795
9571 9770
9572 9789
9573 9886
9575 9980
9576 9590
9577 9841
9578 9862
9581 9856
9583 9905
9585 9875
9586 9967
9587 9663
9588 9928
9589 9901
9591 9902
9593 9702
9595 9948
9596 9720
9598 9895
9601 9917
9602 9750
9606 9919
9608 9780
9609 9747
9610 9787
9614 9834
9615 9852
9618 9904
9621 9760
9623 9918
9624 9816
9625 9872
9627 9920
9628 9968
9631 9950
9633 9805
9638 9897
9641 9854
9642 9785
9643 9940
9644 9808
9645 9777
9650 9936
9652 9998
9656 9835
9660 9793
9661 9732
9666 9698
9668 9942
9669 9815
9672 9972
9675 9891
9677 9881
9678 9701
9681 9989
9682 9709
9683 9903
9684 9837
9685 9923
9689 9794
9690 9892
9691 9894
9692 9814
9695 9762
9697 9832
9704 9876
9712 9947
9713 9946
9717 9916
9722 9974
9726 9896
9728 9871
9730 9773
9733 9806
9735 9759
9736 9798
9737 9907
9740 9882
9743 9864
9746 9930
9748 9966
9749 9766
9751 9868
9752 9831
9753 9845
9755 9765
9757 9850
9761 9992
9763 9965
9764 9775
9769 9860
9771 9997
9776 9908
9778 9996
9782 9970
9783 9975
9784 9952
9788 9861
9790 9874
9796 9819
9797 9839
9799 9811
9801 9984
9804 9945
9809 9829
9812 9890
9822 9931
9827 9982
9828 9994
9830 9915
9836 9921
9842 9933
9848 9922
9851 9993
9853 9932
9857 9978
9865 9914
9867 9999
9869 9985
9873 9995
9877 9910
9878 9987
9889 9913
9899 9911
9909 9958
9927 9964
9937 9960
9938 9969
9954 9991
9956 9961
9959 9990
9963 9971
