2000
0 2
1 4
3 9
5 16
6 15
7 11
8 23
10 25
12 28
13 20
14 19
17 21
18 33
22 31
24 30
26 32
27 39
29 34
35 40
36 51
37 42
38 54
41 46
43 53
44 55
45 56
47 50
48 64
49 61
52 66
57 68
58 59
60 76
62 78
63 71
65 79
67 83
69 72
70 80
73 85
74 81
75 82
77 93
84 94
86 100
87 96
88 91
89 104
90 95
92 98
97 103
99 107
101 102
105 110
106 116
108 118
109 112
111 125
113 122
114 127
115 124
117 126
119 129
120 136
121 128
123 133
130 135
131 143
132 137
134 149
138 151
139 144
140 150
141 155
142 148
145 154
146 162
147 161
152 158
153 164
156 165
157 173
159 171
160 166
163 175
167 169
168 181
170 179
172 184
174 180
176 186
177 182
178 193
183 198
185 200
187 194
188 192
189 201
190 204
191 195
196 202
197 208
199 209
203 205
206 217
207 218
210 214
211 221
212 220
213 229
215 226
216 225
219 234
222 238
223 237
224 239
227 240
228 231
230 244
232 247
233 235
236 243
241 245
242 255
246 249
248 256
250 252
251 254
253 265
257 264
258 260
259 261
262 278
263 270
266 277
267 276
268 282
269 272
271 283
273 279
274 284
275 280
281 293
285 301
286 291
287 296
288 295
289 290
292 294
297 311
298 313
299 308
300 314
302 310
303 316
304 307
305 317
306 321
309 320
312 324
315 326
318 333
319 327
322 332
323 338
325 337
328 340
329 342
330 341
331 346
334 336
335 344
339 348
343 356
345 358
347 353
349 357
350 365
351 367
352 359
354 366
355 362
360 368
361 371
363 379
364 380
369 384
370 372
373 389
374 381
375 383
376 377
378 391
382 394
385 392
386 400
387 393
388 404
390 396
395 407
397 411
398 405
399 406
401 417
402 412
403 418
408 420
409 424
410 426
413 415
414 427
416 425
419 422
421 437
423 430
428 442
429 435
431 434
432 439
433 444
436 450
438 440
441 457
443 454
445 461
446 452
447 462
448 464
449 460
451 453
455 469
456 472
458 471
459 474
463 476
465 477
466 473
467 475
468 478
470 482
479 480
481 493
483 490
484 488
485 496
486 502
487 495
489 491
492 501
494 506
497 499
498 514
500 507
503 516
504 520
505 509
508 511
510 512
513 519
515 517
518 522
521 530
523 527
524 538
525 536
526 533
528 543
529 534
531 547
532 545
535 541
537 544
539 542
540 548
546 555
549 565
550 551
552 556
553 557
554 570
558 564
559 573
560 563
561 566
562 567
568 569
571 582
572 579
574 589
575 588
576 581
577 585
578 591
580 595
583 598
584 599
586 596
587 592
590 603
593 607
594 602
597 610
600 612
601 613
604 615
605 621
606 611
608 616
609 620
614 630
617 633
618 629
619 626
622 635
623 625
624 638
627 643
628 636
631 637
632 641
634 650
639 642
640 654
644 660
645 652
646 647
648 653
649 658
651 664
655 669
656 659
657 662
661 670
663 675
665 671
666 678
667 676
668 679
672 677
673 686
674 680
681 688
682 684
683 698
685 693
687 694
689 700
690 701
691 696
692 703
695 708
697 702
699 705
704 711
706 715
707 717
709 721
710 724
712 719
713 728
714 723
716 729
718 734
720 725
722 735
726 742
727 737
730 739
731 745
732 748
733 740
736 750
738 741
743 755
744 749
746 752
747 753
751 767
754 759
756 760
757 769
758 772
761 764
762 763
765 773
766 780
768 777
770 784
771 787
774 781
775 786
776 779
778 783
782 798
785 800
788 799
789 805
790 796
791 794
792 802
793 808
795 811
797 801
803 816
804 814
806 821
807 809
810 813
812 822
815 819
817 829
818 830
820 834
823 825
824 836
826 838
827 837
828 832
831 843
833 840
835 847
839 842
841 848
844 857
845 846
849 864
850 853
851 867
852 854
855 858
856 862
859 865
860 868
861 876
863 869
866 871
870 873
872 888
874 886
875 878
877 887
879 893
880 882
881 894
883 896
884 890
885 900
889 891
892 906
895 907
897 899
898 901
902 913
903 908
904 910
905 912
909 918
911 919
914 927
915 929
916 930
917 926
920 925
921 933
922 936
923 938
924 931
928 937
932 940
934 946
935 949
939 942
941 945
943 948
944 953
947 959
950 963
951 965
952 967
954 960
955 956
957 969
958 964
961 975
962 973
966 978
968 976
970 971
972 985
974 987
977 992
979 990
980 986
981 993
982 997
983 994
984 999
988 1000
989 991
995 1007
996 1010
998 1001
1002 1015
1003 1006
1004 1005
1008 1020
1009 1025
1011 1016
1012 1019
1013 1026
1014 1028
1017 1023
1018 1022
1021 1034
1024 1037
1027 1038
1029 1033
1030 1041
1031 1035
1032 1048
1036 1040
1039 1046
1042 1057
1043 1050
1044 1051
1045 1047
1049 1062
1052 1064
1053 1068
1054 1058
1055 1065
1056 1061
1059 1060
1063 1075
1066 1074
1067 1070
1069 1082
1071 1081
1072 1086
1073 1089
1076 1079
1077 1078
1080 1090
1083 1092
1084 1093
1085 1096
1087 1102
1088 1098
1091 1097
1094 1101
1095 1111
1099 1114
1100 1103
1104 1107
1105 1120
1106 1117
1108 1110
1109 1125
1112 1122
1113 1118
1115 1129
1116 1132
1119 1121
1123 1136
1124 1126
1127 1131
1128 1135
1130 1138
1133 1134
1137 1151
1139 1152
1140 1150
1141 1145
1142 1154
1143 1156
1144 1157
1146 1153
1147 1158
1148 1155
1149 1160
1159 1168
1161 1170
1162 1176
1163 1175
1164 1178
1165 1166
1167 1171
1169 1180
1172 1185
1173 1184
1174 1188
1177 1187
1179 1193
1181 1191
1182 1186
1183 1197
1189 1201
1190 1194
1192 1199
1195 1204
1196 1209
1198 1212
1200 1208
1202 1206
1203 1213
1205 1215
1207 1220
1210 1226
1211 1225
1214 1218
1216 1228
1217 1222
1219 1223
1221 1233
1224 1234
1227 1230
1229 1235
1231 1240
1232 1239
1236 1242
1237 1238
1241 1246
1243 1248
1244 1258
1245 1256
1247 1262
1249 1264
1250 1261
1251 1259
1252 1255
1253 1265
1254 1268
1257 1271
1260 1276
1263 1274
1266 1272
1267 1281
1269 1285
1270 1278
1273 1288
1275 1277
1279 1282
1280 1296
1283 1292
1284 1295
1286 1290
1287 1299
1289 1304
1291 1303
1293 1301
1294 1298
1297 1305
1300 1310
1302 1314
1306 1321
1307 1308
1309 1324
1311 1313
1312 1326
1315 1322
1316 1331
1317 1328
1318 1320
1319 1333
1323 1338
1325 1330
1327 1341
1329 1334
1332 1347
1335 1348
1336 1339
1337 1353
1340 1354
1342 1344
1343 1346
1345 1350
1349 1361
1351 1367
1352 1359
1355 1371
1356 1369
1357 1362
1358 1373
1360 1366
1363 1370
1364 1372
1365 1381
1368 1377
1374 1387
1375 1380
1376 1388
1378 1384
1379 1393
1382 1392
1383 1389
1385 1399
1386 1396
1390 1397
1391 1401
1394 1408
1395 1406
1398 1407
1400 1413
1402 1411
1403 1405
1404 1418
1409 1414
1410 1412
1415 1425
1416 1426
1417 1432
1419 1422
1420 1436
1421 1435
1423 1439
1424 1437
1427 1430
1428 1431
1429 1434
1433 1447
1438 1442
1440 1445
1441 1455
1443 1452
1444 1459
1446 1450
1448 1454
1449 1461
1451 1464
1453 1458
1456 1463
1457 1465
1460 1467
1462 1476
1466 1469
1468 1483
1470 1475
1471 1478
1472 1474
1473 1486
1477 1480
1479 1492
1481 1495
1482 1498
1484 1491
1485 1488
1487 1497
1489 1490
1493 1508
1494 1496
1499 1502
1500 1507
1501 1504
1503 1511
1505 1517
1506 1516
1509 1518
1510 1514
1512 1524
1513 1522
1515 1531
1519 1529
1520 1534
1521 1528
1523 1536
1525 1526
1527 1539
1530 1532
1533 1547
1535 1537
1538 1543
1540 1553
1541 1557
1542 1552
1544 1558
1545 1555
1546 1548
1549 1551
1550 1559
1554 1560
1556 1568
1561 1571
1562 1569
1563 1577
1564 1578
1565 1570
1566 1580
1567 1582
1572 1584
1573 1588
1574 1590
1575 1587
1576 1579
1581 1592
1583 1599
1585 1597
1586 1602
1589 1594
1591 1605
1593 1606
1595 1596
1598 1608
1600 1614
1601 1610
1603 1604
1607 1621
1609 1622
1611 1626
1612 1616
1613 1628
1615 1618
1617 1632
1619 1625
1620 1633
1623 1637
1624 1629
1627 1638
1630 1639
1631 1642
1634 1648
1635 1649
1636 1646
1640 1645
1641 1651
1643 1653
1644 1659
1647 1663
1650 1664
1652 1668
1654 1656
1655 1660
1657 1671
1658 1662
1661 1670
1665 1681
1666 1677
1667 1672
1669 1675
1673 1679
1674 1684
1676 1692
1678 1682
1680 1686
1683 1697
1685 1701
1687 1693
1688 1699
1689 1695
1690 1702
1691 1703
1694 1705
1696 1706
1698 1714
1700 1707
1704 1718
1708 1717
1709 1711
1710 1720
1712 1726
1713 1719
1715 1722
1716 1723
1721 1730
1724 1735
1725 1738
1727 1731
1728 1736
1729 1733
1732 1734
1737 1742
1739 1743
1740 1747
1741 1744
1745 1756
1746 1754
1748 1762
1749 1753
1750 1752
1751 1760
1755 1766
1757 1764
1758 1761
1759 1769
1763 1778
1765 1772
1767 1780
1768 1782
1770 1776
1771 1784
1773 1787
1774 1783
1775 1788
1777 1791
1779 1785
1781 1795
1786 1799
1789 1794
1790 1796
1792 1806
1793 1802
1797 1803
1798 1809
1800 1812
1801 1807
1804 1820
1805 1810
1808 1823
1811 1814
1813 1829
1815 1830
1816 1819
1817 1827
1818 1828
1821 1832
1822 1836
1824 1825
1826 1835
1831 1837
1833 1840
1834 1849
1838 1847
1839 1851
1841 1844
1842 1845
1843 1854
1846 1862
1848 1855
1850 1852
1853 1861
1856 1866
1857 1860
1858 1869
1859 1873
1863 1868
1864 1878
1865 1881
1867 1880
1870 1882
1871 1879
1872 1885
1874 1887
1875 1890
1876 1884
1877 1891
1883 1888
1886 1900
1889 1895
1892 1897
1893 1894
1896 1909
1898 1911
1899 1912
1901 1905
1902 1913
1903 1908
1904 1906
1907 1914
1910 1922
1915 1927
1916 1930
1917 1918
1919 1925
1920 1935
1921 1932
1923 1933
1924 1937
1926 1940
1928 1942
1929 1941
1931 1945
1934 1936
1938 1953
1939 1943
1944 1952
1946 1947
1948 1960
1949 1951
1950 1957
1954 1969
1955 1959
1956 1961
1958 1964
1962 1978
1963 1977
1965 1966
1967 1971
1968 1979
1970 1984
1972 1988
1973 1975
1974 1985
1976 1981
1980 1987
1982 1996
1983 1998
1986 1991
1989 1995
1990 2001
1992 2004
1993 1997
1994 2005
1999 2014
2000 2007
2002 2010
2003 2012
2006 2016
2008 2009
2011 2026
2013 2018
2015 2017
2019 2023
2020 2028
2021 2022
2024 2029
2025 2038
2027 2036
2030 2037
2031 2043
2032 2039
2033 2046
2034 2041
2035 2051
2040 2056
2042 2055
2044 2057
2045 2061
2047 2052
2048 2054
2049 2053
2050 2062
2058 2067
2059 2075
2060 2066
2063 2079
2064 2076
2065 2081
2068 2074
2069 2083
2070 2073
2071 2087
2072 2082
2077 2080
2078 2089
2084 2091
2085 2086
2088 2098
2090 2099
2092 2103
2093 2107
2094 2096
2095 2110
2097 2105
2100 2116
2101 2113
2102 2115
2104 2109
2106 2108
2111 2119
2112 2126
2114 2118
2117 2120
2121 2135
2122 2131
2123 2137
2124 2130
2125 2127
2128 2141
2129 2136
2132 2147
2133 2140
2134 2145
2138 2154
2139 2143
2142 2144
2146 2159
2148 2151
2149 2156
2150 2161
2152 2160
2153 2164
2155 2162
2157 2166
2158 2173
2163 2176
2165 2179
2167 2177
2168 2175
2169 2182
2170 2171
2172 2185
2174 2183
2178 2187
2180 2196
2181 2184
2186 2190
2188 2203
2189 2205
2191 2194
2192 2195
2193 2208
2197 2198
2199 2204
2200 2209
2201 2214
2202 2212
2206 2210
2207 2221
2211 2222
2213 2229
2215 2220
2216 2223
2217 2230
2218 2224
2219 2228
2225 2233
2226 2236
2227 2241
2231 2237
2232 2239
2234 2235
2238 2252
2240 2247
2242 2256
2243 2248
2244 2259
2245 2246
2249 2265
2250 2260
2251 2264
2253 2254
2255 2269
2257 2271
2258 2270
2261 2274
2262 2276
2263 2279
2266 2275
2267 2283
2268 2282
2272 2284
2273 2281
2277 2287
2278 2294
2280 2285
2286 2291
2288 2303
2289 2301
2290 2300
2292 2302
2293 2295
2296 2297
2298 2304
2299 2308
2305 2307
2306 2321
2309 2312
2310 2318
2311 2327
2313 2317
2314 2322
2315 2330
2316 2320
2319 2324
2323 2338
2325 2336
2326 2333
2328 2343
2329 2334
2331 2332
2335 2337
2339 2342
2340 2348
2341 2354
2344 2356
2345 2358
2346 2359
2347 2351
2349 2364
2350 2361
2352 2357
2353 2369
2355 2370
2360 2375
2362 2373
2363 2376
2365 2368
2366 2367
2371 2381
2372 2377
2374 2387
2378 2394
2379 2384
2380 2393
2382 2392
2383 2390
2385 2386
2388 2399
2389 2405
2391 2401
2395 2402
2396 2400
2397 2413
2398 2406
2403 2419
2404 2408
2407 2423
2409 2411
2410 2421
2412 2416
2414 2420
2415 2424
2417 2422
2418 2427
2425 2441
2426 2436
2428 2440
2429 2431
2430 2446
2432 2448
2433 2434
2435 2439
2437 2443
2438 2450
2442 2457
2444 2456
2445 2460
2447 2449
2451 2454
2452 2453
2455 2462
2458 2466
2459 2474
2461 2464
2463 2473
2465 2481
2467 2483
2468 2482
2469 2484
2470 2472
2471 2480
2475 2489
2476 2486
2477 2488
2478 2490
2479 2495
2485 2496
2487 2493
2491 2504
2492 2507
2494 2503
2497 2505
2498 2501
2499 2513
2500 2508
2502 2506
2509 2510
2511 2524
2512 2525
2514 2520
2515 2521
2516 2519
2517 2528
2518 2534
2522 2535
2523 2532
2526 2542
2527 2530
2529 2540
2531 2539
2533 2538
2536 2552
2537 2553
2541 2554
2543 2551
2544 2547
2545 2558
2546 2555
2548 2550
2549 2565
2556 2564
2557 2569
2559 2567
2560 2576
2561 2572
2562 2574
2563 2577
2566 2568
2570 2586
2571 2587
2573 2578
2575 2585
2579 2580
2581 2596
2582 2598
2583 2595
2584 2589
2588 2602
2590 2604
2591 2607
2592 2593
2594 2605
2597 2606
2599 2610
2600 2612
2601 2614
2603 2608
2609 2618
2611 2615
2613 2616
2617 2620
2619 2623
2621 2627
2622 2625
2624 2628
2626 2642
2629 2637
2630 2635
2631 2641
2632 2648
2633 2647
2634 2638
2636 2639
2640 2644
2643 2652
2645 2649
2646 2650
2651 2666
2653 2659
2654 2663
2655 2667
2656 2671
2657 2665
2658 2670
2660 2676
2661 2674
2662 2677
2664 2680
2668 2683
2669 2682
2672 2688
2673 2679
2675 2686
2678 2684
2681 2697
2685 2687
2689 2696
2690 2700
2691 2706
2692 2698
2693 2694
2695 2699
2701 2707
2702 2717
2703 2716
2704 2713
2705 2711
2708 2720
2709 2714
2710 2712
2715 2727
2718 2723
2719 2726
2721 2735
2722 2724
2725 2729
2728 2736
2730 2741
2731 2745
2732 2733
2734 2748
2737 2749
2738 2750
2739 2746
2740 2742
2743 2747
2744 2756
2751 2752
2753 2762
2754 2760
2755 2763
2757 2770
2758 2774
2759 2775
2761 2764
2765 2776
2766 2777
2767 2768
2769 2778
2771 2786
2772 2787
2773 2779
2780 2789
2781 2797
2782 2785
2783 2798
2784 2796
2788 2804
2790 2791
2792 2808
2793 2795
2794 2809
2799 2812
2800 2811
2801 2814
2802 2806
2803 2813
2805 2819
2807 2817
2810 2825
2815 2821
2816 2824
2818 2833
2820 2828
2822 2830
2823 2835
2826 2827
2829 2843
2831 2840
2832 2847
2834 2841
2836 2844
2837 2845
2838 2850
2839 2848
2842 2849
2846 2854
2851 2867
2852 2857
2853 2868
2855 2861
2856 2858
2859 2872
2860 2863
2862 2874
2864 2878
2865 2870
2866 2873
2869 2877
2871 2875
2876 2881
2879 2890
2880 2892
2882 2889
2883 2884
2885 2900
2886 2901
2887 2896
2888 2895
2891 2894
2893 2903
2897 2910
2898 2902
2899 2906
2904 2919
2905 2916
2907 2922
2908 2913
2909 2925
2911 2912
2914 2928
2915 2921
2917 2929
2918 2930
2920 2931
2923 2939
2924 2937
2926 2933
2927 2938
2932 2936
2934 2943
2935 2950
2940 2951
2941 2949
2942 2955
2944 2954
2945 2953
2946 2956
2947 2959
2948 2962
2952 2964
2957 2960
2958 2966
2961 2976
2963 2975
2965 2979
2967 2977
2968 2973
2969 2983
2970 2978
2971 2972
2974 2989
2980 2987
2981 2991
2982 2984
2985 2998
2986 3001
2988 3002
2990 2994
2992 3003
2993 2995
2996 3000
2997 3007
2999 3006
3004 3014
3005 3012
3008 3021
3009 3025
3010 3018
3011 3027
3013 3023
3015 3022
3016 3028
3017 3026
3019 3034
3020 3031
3024 3040
3029 3030
3032 3048
3033 3047
3035 3042
3036 3050
3037 3051
3038 3049
3039 3052
3041 3053
3043 3044
3045 3055
3046 3060
3054 3065
3056 3059
3057 3070
3058 3068
3061 3073
3062 3078
3063 3064
3066 3075
3067 3074
3069 3084
3071 3072
3076 3085
3077 3082
3079 3087
3080 3096
3081 3083
3086 3091
3088 3097
3089 3099
3090 3103
3092 3100
3093 3107
3094 3104
3095 3102
3098 3106
3101 3114
3105 3113
3108 3110
3109 3112
3111 3117
3115 3131
3116 3132
3118 3130
3119 3135
3120 3124
3121 3127
3122 3129
3123 3128
3125 3137
3126 3133
3134 3143
3136 3138
3139 3149
3140 3154
3141 3142
3144 3156
3145 3147
3146 3155
3148 3164
3150 3161
3151 3165
3152 3157
3153 3166
3158 3163
3159 3162
3160 3174
3167 3181
3168 3184
3169 3171
3170 3176
3172 3183
3173 3186
3175 3182
3177 3180
3178 3179
3185 3198
3187 3189
3188 3190
3191 3199
3192 3195
3193 3206
3194 3204
3196 3212
3197 3205
3200 3213
3201 3207
3202 3215
3203 3219
3208 3216
3209 3211
3210 3221
3214 3222
3217 3223
3218 3233
3220 3236
3224 3234
3225 3238
3226 3228
3227 3229
3230 3240
3231 3241
3232 3245
3235 3243
3237 3252
3239 3244
3242 3248
3246 3256
3247 3260
3249 3265
3250 3257
3251 3253
3254 3268
3255 3262
3258 3264
3259 3261
3263 3279
3266 3270
3267 3272
3269 3276
3271 3283
3273 3282
3274 3288
3275 3291
3277 3278
3280 3294
3281 3293
3284 3292
3285 3286
3287 3290
3289 3303
3295 3301
3296 3304
3297 3305
3298 3312
3299 3314
3300 3308
3302 3306
3307 3322
3309 3324
3310 3320
3311 3326
3313 3318
3315 3316
3317 3323
3319 3325
3321 3331
3327 3338
3328 3333
3329 3339
3330 3341
3332 3346
3334 3344
3335 3342
3336 3351
3337 3348
3340 3350
3343 3359
3345 3360
3347 3358
3349 3353
3352 3364
3354 3366
3355 3362
3356 3368
3357 3369
3361 3376
3363 3373
3365 3372
3367 3382
3370 3377
3371 3375
3374 3387
3378 3394
3379 3392
3380 3390
3381 3383
3384 3398
3385 3397
3386 3393
3388 3400
3389 3399
3391 3407
3395 3396
3401 3405
3402 3415
3403 3410
3404 3420
3406 3419
3408 3409
3411 3422
3412 3424
3413 3414
3416 3429
3417 3418
3421 3425
3423 3434
3426 3438
3427 3437
3428 3436
3430 3442
3431 3446
3432 3443
3433 3445
3435 3441
3439 3451
3440 3450
3444 3453
3447 3448
3449 3455
3452 3462
3454 3468
3456 3467
3457 3466
3458 3460
3459 3470
3461 3473
3463 3475
3464 3469
3465 3479
3471 3476
3472 3480
3474 3488
3477 3493
3478 3482
3481 3492
3483 3496
3484 3497
3485 3495
3486 3494
3487 3489
3490 3499
3491 3506
3498 3509
3500 3503
3501 3505
3502 3510
3504 3507
3508 3514
3511 3519
3512 3516
3513 3522
3515 3523
3517 3518
3520 3525
3521 3531
3524 3527
3526 3536
3528 3538
3529 3533
3530 3532
3534 3545
3535 3540
3537 3551
3539 3555
3541 3554
3542 3546
3543 3552
3544 3548
3547 3562
3549 3563
3550 3561
3553 3565
3556 3567
3557 3573
3558 3569
3559 3564
3560 3566
3568 3577
3570 3571
3572 3588
3574 3580
3575 3587
3576 3581
3578 3593
3579 3586
3582 3585
3583 3596
3584 3600
3589 3597
3590 3605
3591 3595
3592 3594
3598 3599
3601 3614
3602 3618
3603 3606
3604 3617
3607 3608
3609 3616
3610 3612
3611 3623
3613 3625
3615 3631
3619 3624
3620 3630
3621 3633
3622 3628
3626 3634
3627 3639
3629 3643
3632 3635
3636 3642
3637 3650
3638 3649
3640 3653
3641 3644
3645 3646
3647 3652
3648 3659
3651 3664
3654 3669
3655 3661
3656 3670
3657 3668
3658 3663
3660 3667
3662 3678
3665 3677
3666 3679
3671 3676
3672 3682
3673 3688
3674 3684
3675 3691
3680 3686
3681 3695
3683 3697
3685 3700
3687 3696
3689 3693
3690 3701
3692 3706
3694 3703
3698 3704
3699 3707
3702 3712
3705 3710
3708 3713
3709 3723
3711 3716
3714 3722
3715 3718
3717 3729
3719 3726
3720 3736
3721 3732
3724 3731
3725 3740
3727 3739
3728 3741
3730 3743
3733 3737
3734 3750
3735 3745
3738 3753
3742 3756
3744 3752
3746 3747
3748 3751
3749 3762
3754 3758
3755 3761
3757 3766
3759 3773
3760 3769
3763 3777
3764 3776
3765 3778
3767 3768
3770 3785
3771 3787
3772 3783
3774 3782
3775 3788
3779 3790
3780 3791
3781 3784
3786 3795
3789 3800
3792 3807
3793 3796
3794 3803
3797 3802
3798 3810
3799 3809
3801 3808
3804 3817
3805 3816
3806 3820
3811 3826
3812 3814
3813 3823
3815 3829
3818 3827
3819 3832
3821 3825
3822 3837
3824 3828
3830 3842
3831 3838
3833 3849
3834 3835
3836 3841
3839 3850
3840 3846
3843 3853
3844 3859
3845 3861
3847 3863
3848 3856
3851 3866
3852 3868
3854 3865
3855 3860
3857 3873
3858 3864
3862 3870
3867 3883
3869 3882
3871 3879
3872 3886
3874 3876
3875 3887
3877 3878
3880 3896
3881 3888
3884 3892
3885 3893
3889 3897
3890 3906
3891 3902
3894 3900
3895 3899
3898 3909
3901 3915
3903 3913
3904 3917
3905 3912
3907 3923
3908 3919
3910 3914
3911 3921
3916 3920
3918 3931
3922 3924
3925 3936
3926 3933
3927 3929
3928 3943
3930 3939
3932 3944
3934 3938
3935 3949
3937 3948
3940 3953
3941 3957
3942 3946
3945 3952
3947 3960
3950 3958
3951 3954
3955 3971
3956 3969
3959 3964
3961 3965
3962 3963
3966 3967
3968 3979
3970 3981
3972 3980
3973 3982
3974 3983
3975 3991
3976 3989
3977 3986
3978 3987
3984 3993
3985 3999
3988 3994
3990 3995
3992 3997
3996 3998
