1500
0 11
1 7
2 9
3 18
4 6
5 19
8 23
10 13
12 26
14 17
15 27
16 25
20 30
21 32
22 36
24 28
29 33
31 34
35 49
37 38
39 53
40 47
41 43
42 52
44 48
45 46
50 61
51 55
54 58
56 69
57 71
59 73
60 62
63 78
64 76
65 74
66 81
67 77
68 70
72 82
75 88
79 80
83 85
84 98
86 93
87 100
89 91
90 105
92 97
94 104
95 109
96 101
99 113
102 114
103 115
106 121
107 122
108 123
110 124
111 119
112 117
116 127
118 128
120 133
125 140
126 138
129 143
130 136
131 145
132 146
134 141
135 148
137 150
139 154
142 152
144 157
147 151
149 155
153 158
156 164
159 174
160 170
161 167
162 176
163 177
165 178
166 173
168 171
169 180
172 186
175 187
179 183
181 189
182 185
184 196
188 199
190 203
191 206
192 202
193 200
194 198
195 197
201 210
204 219
205 211
207 218
208 223
209 215
212 216
213 221
214 225
217 229
220 230
222 228
224 227
226 234
231 238
232 241
233 244
235 239
236 245
237 240
242 246
243 248
247 259
249 256
250 265
251 260
252 262
253 264
254 266
255 269
257 261
258 270
263 268
267 280
271 272
273 277
274 287
275 288
276 285
278 281
279 286
282 294
283 290
284 296
289 299
291 297
292 302
293 298
295 305
300 314
301 315
303 308
304 319
306 311
307 309
310 324
312 317
313 318
316 330
320 322
321 332
323 327
325 334
326 340
328 338
329 344
331 345
333 346
335 350
336 351
337 347
339 354
341 355
342 348
343 358
349 363
352 367
353 356
357 361
359 371
360 368
362 370
364 375
365 366
369 374
372 378
373 381
376 377
379 392
380 389
382 383
384 396
385 388
386 391
387 395
390 394
393 403
397 399
398 410
400 407
401 416
402 409
404 419
405 413
406 421
408 420
411 422
412 426
414 428
415 427
417 418
423 432
424 439
425 438
429 437
430 440
431 445
433 443
434 442
435 448
436 451
441 455
444 453
446 459
447 461
449 452
450 456
454 463
457 469
458 471
460 467
462 476
464 466
465 472
468 477
470 485
473 487
474 475
478 484
479 483
480 488
481 490
482 497
486 492
489 493
491 500
494 496
495 504
498 499
501 508
502 506
503 510
505 515
507 512
509 523
511 522
513 524
514 525
516 527
517 528
518 531
519 526
520 533
521 535
529 540
530 532
534 545
536 539
537 544
538 542
541 548
543 553
546 559
547 556
549 561
550 558
551 566
552 560
554 557
555 564
562 574
563 568
565 575
567 579
569 578
570 581
571 584
572 587
573 585
576 590
577 592
580 586
582 596
583 594
588 602
589 601
591 604
593 605
595 610
597 608
598 599
600 613
603 615
606 616
607 611
609 620
612 627
614 618
617 624
619 634
621 632
622 628
623 638
625 630
626 641
629 640
631 646
633 645
635 637
636 643
639 642
644 655
647 650
648 657
649 659
651 654
652 666
653 664
656 668
658 670
660 663
661 676
662 667
665 674
669 679
671 681
672 684
673 682
675 690
677 680
678 687
683 688
685 686
689 701
691 694
692 702
693 699
695 705
696 700
697 708
698 706
703 716
704 717
707 712
709 722
710 719
711 725
713 726
714 728
715 721
718 731
720 724
723 734
727 730
729 735
732 740
733 743
736 738
737 746
739 749
741 750
742 753
744 747
745 760
748 754
751 762
752 763
755 764
756 767
757 758
759 769
761 766
765 776
768 773
770 774
771 778
772 787
775 784
777 785
779 791
780 795
781 792
782 797
783 794
786 801
788 793
789 798
790 803
796 799
800 814
802 809
804 805
806 819
807 812
808 822
810 820
811 824
813 823
815 828
816 831
817 825
818 829
821 830
826 836
827 842
832 846
833 848
834 849
835 845
837 851
838 843
839 841
840 850
844 859
847 856
852 857
853 867
854 860
855 858
861 876
862 871
863 868
864 877
865 866
869 881
870 872
873 882
874 884
875 883
878 880
879 892
885 899
886 896
887 898
888 891
889 903
890 904
893 895
894 905
897 911
900 906
901 909
902 917
907 913
908 920
910 915
912 918
914 922
916 930
919 921
923 926
924 931
925 940
927 932
928 939
929 935
933 943
934 947
936 941
937 950
938 953
942 954
944 959
945 949
946 951
948 956
952 958
955 968
957 963
960 961
962 976
964 966
965 979
967 972
969 980
970 975
971 986
973 982
974 985
977 989
978 987
981 994
983 991
984 999
988 990
992 1002
993 1008
995 998
996 1007
997 1011
1000 1014
1001 1016
1003 1017
1004 1015
1005 1018
1006 1009
1010 1025
1012 1013
1019 1033
1020 1026
1021 1032
1022 1037
1023 1035
1024 1031
1027 1030
1028 1041
1029 1038
1034 1039
1036 1046
1040 1050
1042 1052
1043 1047
1044 1049
1045 1053
1048 1062
1051 1054
1055 1063
1056 1066
1057 1071
1058 1070
1059 1061
1060 1068
1064 1065
1067 1077
1069 1078
1072 1081
1073 1080
1074 1079
1075 1086
1076 1082
1083 1089
1084 1099
1085 1100
1087 1090
1088 1096
1091 1095
1092 1103
1093 1104
1094 1107
1097 1101
1098 1109
1102 1117
1105 1120
1106 1116
1108 1121
1110 1125
1111 1112
1113 1122
1114 1115
1118 1123
1119 1133
1124 1128
1126 1139
1127 1141
1129 1130
1131 1144
1132 1138
1134 1142
1135 1137
1136 1149
1140 1143
1145 1150
1146 1154
1147 1161
1148 1152
1151 1153
1155 1167
1156 1164
1157 1158
1159 1166
1160 1173
1162 1175
1163 1171
1165 1178
1168 1169
1170 1182
1172 1186
1174 1180
1176 1183
1177 1192
1179 1181
1184 1188
1185 1194
1187 1196
1189 1193
1190 1191
1195 1203
1197 1209
1198 1211
1199 1207
1200 1205
1201 1216
1202 1212
1204 1208
1206 1219
1210 1225
1213 1220
1214 1221
1215 1227
1217 1230
1218 1228
1222 1224
1223 1231
1226 1238
1229 1244
1232 1234
1233 1235
1236 1240
1237 1241
1239 1246
1242 1257
1243 1245
1247 1249
1248 1256
1250 1254
1251 1258
1252 1266
1253 1263
1255 1259
1260 1265
1261 1262
1264 1279
1267 1270
1268 1272
1269 1274
1271 1275
1273 1284
1276 1287
1277 1283
1278 1280
1281 1292
1282 1294
1285 1298
1286 1288
1289 1297
1290 1303
1291 1302
1293 1304
1295 1307
1296 1306
1299 1301
1300 1314
1305 1310
1308 1315
1309 1317
1311 1322
1312 1318
1313 1320
1316 1319
1321 1336
1323 1333
1324 1329
1325 1331
1326 1341
1327 1338
1328 1337
1330 1339
1332 1346
1334 1348
1335 1345
1340 1342
1343 1354
1344 1351
1347 1358
1349 1353
1350 1363
1352 1355
1356 1367
1357 1372
1359 1370
1360 1362
1361 1369
1364 1376
1365 1373
1366 1375
1368 1379
1371 1383
1374 1381
1377 1387
1378 1392
1380 1394
1382 1391
1384 1389
1385 1398
1386 1388
1390 1395
1393 1402
1396 1408
1397 1410
1399 1409
1400 1412
1401 1414
1403 1418
1404 1405
1406 1413
1407 1416
1411 1417
1415 1423
1419 1432
1420 1425
1421 1431
1422 1435
1424 1427
1426 1439
1428 1441
1429 1434
1430 1442
1433 1443
1436 1451
1437 1440
1438 1449
1444 1448
1445 1457
1446 1450
1447 1454
1452 1458
1453 1466
1455 1456
1459 1467
1460 1468
1461 1464
1462 1470
1463 1474
1465 1479
1469 1481
1471 1483
1472 1473
1475 1484
1476 1486
1477 1480
1478 1482
1485 1492
1487 1490
1488 1489
1491 1506
1493 1494
1495 1500
1496 1507
1497 1509
1498 1511
1499 1510
1501 1502
1503 1515
1504 1505
1508 1517
1512 1527
1513 1514
1516 1524
1518 1530
1519 1528
1520 1522
1521 1534
1523 1536
1525 1531
1526 1539
1529 1540
1532 1545
1533 1547
1535 1548
1537 1542
1538 1544
1541 1555
1543 1556
1546 1559
1549 1553
1550 1560
1551 1558
1552 1563
1554 1569
1557 1566
1561 1571
1562 1570
1564 1573
1565 1578
1567 1575
1568 1574
1572 1585
1576 1589
1577 1584
1579 1591
1580 1587
1581 1595
1582 1593
1583 1596
1586 1592
1588 1598
1590 1601
1594 1597
1599 1612
1600 1603
1602 1604
1605 1607
1606 1615
1608 1622
1609 1613
1610 1616
1611 1617
1614 1625
1618 1629
1619 1627
1620 1630
1621 1623
1624 1635
1626 1628
1631 1642
1632 1638
1633 1636
1634 1648
1637 1647
1639 1643
1640 1644
1641 1650
1645 1653
1646 1658
1649 1659
1651 1664
1652 1657
1654 1665
1655 1668
1656 1662
1660 1669
1661 1670
1663 1678
1666 1674
1667 1672
1671 1681
1673 1676
1675 1688
1677 1691
1679 1683
1680 1687
1682 1690
1684 1686
1685 1699
1689 1704
1692 1701
1693 1696
1694 1695
1697 1698
1700 1707
1702 1717
1703 1711
1705 1716
1706 1708
1709 1724
1710 1712
1713 1720
1714 1726
1715 1721
1718 1723
1719 1727
1722 1733
1725 1738
1728 1730
1729 1736
1731 1734
1732 1745
1735 1737
1739 1740
1741 1746
1742 1748
1743 1752
1744 1751
1747 1761
1749 1759
1750 1758
1753 1768
1754 1766
1755 1756
1757 1760
1762 1777
1763 1767
1764 1774
1765 1778
1769 1770
1771 1786
1772 1775
1773 1785
1776 1780
1779 1783
1781 1788
1782 1793
1784 1799
1787 1798
1789 1801
1790 1795
1791 1797
1792 1805
1794 1808
1796 1810
1800 1813
1802 1809
1803 1816
1804 1811
1806 1814
1807 1817
1812 1819
1815 1821
1818 1826
1820 1823
1822 1827
1824 1838
1825 1837
1828 1829
1830 1845
1831 1846
1832 1833
1834 1841
1835 1836
1839 1850
1840 1842
1843 1852
1844 1851
1847 1861
1848 1862
1849 1863
1853 1866
1854 1859
1855 1869
1856 1870
1857 1872
1858 1873
1860 1864
1865 1871
1867 1879
1868 1876
1874 1887
1875 1877
1878 1886
1880 1883
1881 1891
1882 1893
1884 1894
1885 1888
1889 1902
1890 1899
1892 1895
1896 1904
1897 1910
1898 1906
1900 1912
1901 1909
1903 1908
1905 1915
1907 1918
1911 1917
1913 1920
1914 1928
1916 1929
1919 1933
1921 1936
1922 1937
1923 1934
1924 1927
1925 1926
1930 1941
1931 1944
1932 1947
1935 1946
1938 1952
1939 1940
1942 1957
1943 1948
1945 1958
1949 1961
1950 1959
1951 1964
1953 1956
1954 1960
1955 1969
1962 1974
1963 1967
1965 1970
1966 1975
1968 1982
1971 1979
1972 1973
1976 1985
1977 1981
1978 1987
1980 1992
1983 1993
1984 1996
1986 2000
1988 2003
1989 1998
1990 2005
1991 2002
1994 2009
1995 2007
1997 2012
1999 2004
2001 2011
2006 2018
2008 2023
2010 2019
2013 2016
2014 2024
2015 2021
2017 2031
2020 2033
2022 2036
2025 2038
2026 2035
2027 2042
2028 2043
2029 2039
2030 2044
2032 2046
2034 2047
2037 2048
2040 2045
2041 2051
2049 2062
2050 2053
2052 2059
2054 2065
2055 2061
2056 2057
2058 2064
2060 2068
2063 2071
2066 2078
2067 2079
2069 2074
2070 2077
2072 2082
2073 2085
2075 2086
2076 2084
2080 2090
2081 2087
2083 2098
2088 2093
2089 2104
2091 2100
2092 2106
2094 2105
2095 2103
2096 2111
2097 2109
2099 2107
2101 2112
2102 2115
2108 2123
2110 2119
2113 2121
2114 2126
2116 2130
2117 2127
2118 2132
2120 2122
2124 2129
2125 2135
2128 2140
2131 2142
2133 2141
2134 2136
2137 2146
2138 2153
2139 2149
2143 2152
2144 2159
2145 2150
2147 2148
2151 2157
2154 2163
2155 2166
2156 2160
2158 2172
2161 2169
2162 2171
2164 2176
2165 2174
2167 2175
2168 2182
2170 2180
2173 2183
2177 2189
2178 2193
2179 2190
2181 2184
2185 2196
2186 2191
2187 2199
2188 2195
2192 2198
2194 2201
2197 2205
2200 2215
2202 2206
2203 2208
2204 2214
2207 2209
2210 2219
2211 2224
2212 2220
2213 2217
2216 2227
2218 2226
2221 2235
2222 2223
2225 2230
2228 2234
2229 2242
2231 2244
2232 2246
2233 2243
2236 2237
2238 2240
2239 2245
2241 2250
2247 2255
2248 2259
2249 2262
2251 2263
2252 2257
2253 2260
2254 2256
2258 2271
2261 2274
2264 2276
2265 2277
2266 2269
2267 2280
2268 2282
2270 2278
2272 2281
2273 2288
2275 2290
2279 2284
2283 2287
2285 2300
2286 2301
2289 2293
2291 2304
2292 2296
2294 2298
2295 2305
2297 2310
2299 2308
2302 2311
2303 2315
2306 2318
2307 2316
2309 2323
2312 2317
2313 2319
2314 2324
2320 2330
2321 2331
2322 2333
2325 2329
2326 2332
2327 2336
2328 2341
2334 2339
2335 2347
2337 2340
2338 2343
2342 2346
2344 2355
2345 2357
2348 2360
2349 2356
2350 2361
2351 2359
2352 2353
2354 2369
2358 2367
2362 2376
2363 2372
2364 2371
2365 2374
2366 2370
2368 2383
2373 2387
2375 2378
2377 2382
2379 2391
2380 2385
2381 2393
2384 2389
2386 2397
2388 2395
2390 2403
2392 2398
2394 2407
2396 2404
2399 2406
2400 2408
2401 2405
2402 2416
2409 2417
2410 2413
2411 2425
2412 2421
2414 2415
2418 2422
2419 2430
2420 2432
2423 2437
2424 2436
2426 2441
2427 2434
2428 2440
2429 2442
2431 2446
2433 2438
2435 2448
2439 2443
2444 2453
2445 2458
2447 2456
2449 2452
2450 2462
2451 2454
2455 2463
2457 2472
2459 2471
2460 2465
2461 2470
2464 2466
2467 2478
2468 2469
2473 2486
2474 2477
2475 2489
2476 2484
2479 2493
2480 2490
2481 2494
2482 2488
2483 2498
2485 2492
2487 2495
2491 2496
2497 2502
2499 2513
2500 2509
2501 2507
2503 2514
2504 2515
2505 2512
2506 2521
2508 2519
2510 2518
2511 2522
2516 2525
2517 2526
2520 2530
2523 2531
2524 2534
2527 2541
2528 2539
2529 2540
2532 2542
2533 2546
2535 2548
2536 2549
2537 2545
2538 2552
2543 2553
2544 2555
2547 2557
2550 2559
2551 2560
2554 2568
2556 2563
2558 2571
2561 2565
2562 2573
2564 2578
2566 2574
2567 2575
2569 2572
2570 2582
2576 2588
2577 2585
2579 2580
2581 2583
2584 2592
2586 2596
2587 2590
2589 2601
2591 2598
2593 2600
2594 2595
2597 2608
2599 2606
2602 2616
2603 2615
2604 2609
2605 2613
2607 2620
2610 2622
2611 2621
2612 2623
2614 2628
2617 2626
2618 2624
2619 2632
2625 2638
2627 2637
2629 2634
2630 2636
2631 2645
2633 2635
2639 2651
2640 2652
2641 2654
2642 2653
2643 2650
2644 2659
2646 2649
2647 2661
2648 2657
2655 2665
2656 2670
2658 2663
2660 2664
2662 2673
2666 2680
2667 2671
2668 2678
2669 2681
2672 2676
2674 2684
2675 2686
2677 2689
2679 2692
2682 2697
2683 2688
2685 2695
2687 2700
2690 2705
2691 2698
2693 2704
2694 2703
2696 2710
2699 2701
2702 2707
2706 2708
2709 2722
2711 2719
2712 2714
2713 2728
2715 2717
2716 2724
2718 2721
2720 2733
2723 2735
2725 2729
2726 2734
2727 2730
2731 2744
2732 2739
2736 2751
2737 2746
2738 2753
2740 2752
2741 2756
2742 2747
2743 2755
2745 2749
2748 2762
2750 2759
2754 2764
2757 2772
2758 2760
2761 2774
2763 2775
2765 2770
2766 2767
2768 2779
2769 2777
2771 2773
2776 2790
2778 2791
2780 2787
2781 2794
2782 2784
2783 2789
2785 2795
2786 2798
2788 2800
2792 2807
2793 2805
2796 2797
2799 2801
2802 2803
2804 2813
2806 2820
2808 2814
2809 2819
2810 2823
2811 2826
2812 2822
2815 2825
2816 2821
2817 2829
2818 2833
2824 2828
2827 2836
2830 2834
2831 2844
2832 2843
2835 2838
2837 2839
2840 2842
2841 2856
2845 2858
2846 2861
2847 2851
2848 2853
2849 2855
2850 2854
2852 2860
2857 2869
2859 2874
2862 2872
2863 2871
2864 2865
2866 2880
2867 2875
2868 2879
2870 2877
2873 2883
2876 2891
2878 2882
2881 2893
2884 2885
2886 2900
2887 2899
2888 2890
2889 2904
2892 2894
2895 2905
2896 2901
2897 2911
2898 2912
2902 2906
2903 2915
2907 2919
2908 2910
2909 2922
2913 2928
2914 2924
2916 2920
2917 2926
2918 2932
2921 2927
2923 2929
2925 2936
2930 2934
2931 2933
2935 2939
2937 2942
2938 2948
2940 2954
2941 2950
2943 2956
2944 2957
2945 2953
2946 2959
2947 2958
2949 2952
2951 2966
2955 2960
2961 2964
2962 2969
2963 2967
2965 2971
2968 2978
2970 2974
2972 2985
2973 2982
2975 2981
2976 2990
2977 2988
2979 2986
2980 2984
2983 2994
2987 2989
2991 2999
2992 2997
2993 2995
2996 2998
