7500
0 3
1 9
2 10
4 16
5 19
6 26
7 27
8 22
11 33
12 21
13 34
14 28
15 37
17 36
18 31
20 23
24 38
25 29
30 40
32 46
35 51
39 53
41 47
42 62
43 45
44 64
48 57
49 50
52 71
54 58
55 63
56 75
59 79
60 66
61 65
67 84
68 74
69 88
70 83
72 78
73 91
76 80
77 94
81 101
82 98
85 102
86 93
87 89
90 110
92 103
95 111
96 117
97 105
99 106
100 119
104 122
107 109
108 125
112 115
113 132
114 135
116 128
118 127
120 137
121 124
123 143
126 142
129 131
130 144
133 145
134 156
136 153
138 151
139 148
140 157
141 155
146 164
147 150
149 166
152 172
154 176
158 167
159 170
160 179
161 175
162 171
163 169
165 186
168 174
173 185
177 197
178 196
180 189
181 190
182 193
183 205
184 195
187 209
188 202
191 210
192 204
194 198
199 213
200 214
201 215
203 216
206 226
207 217
208 225
211 219
212 233
218 230
220 241
221 243
222 244
223 228
224 239
227 247
229 231
232 237
234 236
235 238
240 251
242 255
245 256
246 267
248 266
249 250
252 264
253 269
254 271
257 275
258 276
259 265
260 278
261 283
262 280
263 270
268 289
272 284
273 293
274 279
277 296
281 303
282 292
285 305
286 294
287 297
288 302
290 298
291 313
295 311
299 315
300 322
301 323
304 326
306 325
307 320
308 314
309 317
310 316
312 324
318 329
319 328
321 341
327 343
330 346
331 336
332 350
333 340
334 354
335 348
337 342
338 359
339 347
344 364
345 360
349 370
351 353
352 355
356 375
357 369
358 362
361 381
363 379
365 382
366 371
367 368
372 389
373 376
374 394
377 388
378 398
380 395
383 400
384 405
385 391
386 387
390 410
392 402
393 411
396 401
397 418
399 412
403 406
404 416
407 429
408 415
409 430
413 435
414 419
417 433
420 421
422 436
423 425
424 428
426 448
427 434
431 449
432 446
437 459
438 454
439 445
440 457
441 452
442 456
443 463
444 451
447 467
450 465
453 466
455 477
458 464
460 469
461 471
462 479
468 474
470 478
472 491
473 487
475 488
476 481
480 501
482 499
483 490
484 505
485 496
486 493
489 508
492 502
494 506
495 504
497 515
498 509
500 519
503 517
507 513
510 512
511 527
514 520
516 526
518 524
521 535
522 537
523 533
525 539
528 529
530 543
531 551
532 534
536 542
538 548
540 541
544 552
545 565
546 566
547 556
549 553
550 559
554 562
555 573
557 558
560 568
561 576
563 570
564 585
567 569
571 583
572 592
574 590
575 580
577 586
578 584
579 600
581 596
582 601
587 594
588 595
589 607
591 603
593 613
597 614
598 608
599 617
602 605
604 612
606 620
609 621
610 618
611 631
615 616
619 641
622 638
623 633
624 629
625 644
626 643
627 635
628 642
630 650
632 654
634 639
636 651
637 659
640 660
645 656
646 664
647 665
648 649
652 661
653 666
655 672
657 674
658 670
662 667
663 681
668 687
669 688
671 691
673 680
675 689
676 685
677 684
678 679
682 701
683 693
686 703
690 709
692 704
694 712
695 708
696 711
697 719
698 700
699 713
702 718
705 725
706 717
707 714
710 720
715 733
716 728
721 737
722 724
723 741
726 742
727 743
729 730
731 750
732 754
734 745
735 755
736 757
738 739
740 753
744 765
746 751
747 764
748 762
749 768
752 766
756 771
758 774
759 781
760 769
761 776
763 782
767 780
770 785
772 775
773 784
777 786
778 791
779 783
787 802
788 806
789 792
790 812
793 796
794 811
795 808
797 818
798 819
799 820
800 810
801 813
803 807
804 824
805 823
809 826
814 829
815 822
816 833
817 834
821 836
825 842
827 837
828 846
830 845
831 841
832 844
835 848
838 855
839 852
840 849
843 859
847 850
851 871
853 870
854 860
856 874
857 864
858 877
861 868
862 875
863 865
866 887
867 873
869 884
872 894
876 888
878 883
879 899
880 893
881 892
882 890
885 898
886 904
889 907
891 902
895 917
896 914
897 919
900 915
901 918
903 923
905 925
906 913
908 930
909 924
910 931
911 932
912 928
916 927
920 938
921 922
926 946
929 936
933 954
934 948
935 952
937 953
939 958
940 962
941 943
942 951
944 965
945 967
947 968
949 957
950 964
955 977
956 978
959 961
960 982
963 980
966 979
969 991
970 971
972 983
973 987
974 989
975 993
976 984
981 985
986 998
988 1009
990 1010
992 1008
994 999
995 1000
996 1006
997 1016
1001 1003
1002 1024
1004 1013
1005 1023
1007 1014
1011 1022
1012 1021
1015 1035
1017 1031
1018 1029
1019 1041
1020 1027
1025 1037
1026 1048
1028 1045
1030 1034
1032 1050
1033 1040
1036 1053
1038 1043
1039 1049
1042 1064
1044 1055
1046 1068
1047 1060
1051 1054
1052 1059
1056 1057
1058 1070
1061 1071
1062 1073
1063 1065
1066 1087
1067 1084
1069 1080
1072 1079
1074 1088
1075 1096
1076 1094
1077 1078
1081 1097
1082 1098
1083 1091
1085 1092
1086 1101
1089 1107
1090 1110
1093 1114
1095 1116
1099 1102
1100 1120
1103 1106
1104 1105
1108 1125
1109 1131
1111 1132
1112 1122
1113 1121
1115 1130
1117 1118
1119 1136
1123 1142
1124 1139
1126 1146
1127 1128
1129 1147
1133 1152
1134 1137
1135 1149
1138 1157
1140 1159
1141 1162
1143 1153
1144 1148
1145 1163
1150 1166
1151 1156
1154 1172
1155 1168
1158 1174
1160 1165
1161 1176
1164 1173
1167 1177
1169 1170
1171 1193
1175 1192
1178 1187
1179 1180
1181 1201
1182 1204
1183 1205
1184 1196
1185 1203
1186 1198
1188 1206
1189 1199
1190 1209
1191 1213
1194 1212
1195 1197
1200 1222
1202 1214
1207 1229
1208 1227
1210 1216
1211 1224
1215 1232
1217 1234
1218 1223
1219 1238
1220 1233
1221 1243
1225 1240
1226 1241
1228 1236
1230 1249
1231 1242
1235 1237
1239 1253
1244 1247
1245 1259
1246 1250
1248 1269
1251 1272
1252 1274
1254 1263
1255 1268
1256 1262
1257 1277
1258 1278
1260 1261
1264 1286
1265 1271
1266 1280
1267 1282
1270 1289
1273 1291
1275 1285
1276 1297
1279 1300
1281 1301
1283 1298
1284 1296
1287 1308
1288 1290
1292 1295
1293 1304
1294 1314
1299 1317
1302 1306
1303 1312
1305 1319
1307 1315
1309 1316
1310 1329
1311 1328
1313 1334
1318 1321
1320 1337
1322 1342
1323 1324
1325 1346
1326 1345
1327 1332
1330 1333
1331 1352
1335 1343
1336 1356
1338 1350
1339 1351
1340 1341
1344 1349
1347 1359
1348 1360
1353 1367
1354 1370
1355 1373
1357 1378
1358 1369
1361 1372
1362 1364
1363 1380
1365 1374
1366 1381
1368 1377
1371 1387
1375 1397
1376 1396
1379 1389
1382 1401
1383 1391
1384 1405
1385 1394
1386 1407
1388 1390
1392 1408
1393 1411
1395 1413
1398 1419
1399 1406
1400 1403
1402 1420
1404 1425
1409 1410
1412 1431
1414 1416
1415 1422
1417 1433
1418 1435
1421 1437
1423 1428
1424 1429
1426 1430
1427 1443
1432 1439
1434 1450
1436 1445
1438 1440
1441 1456
1442 1463
1444 1462
1446 1452
1447 1457
1448 1459
1449 1465
1451 1471
1453 1468
1454 1469
1455 1477
1458 1473
1460 1476
1461 1467
1464 1486
1466 1474
1470 1479
1472 1485
1475 1481
1478 1480
1482 1504
1483 1496
1484 1502
1487 1489
1488 1508
1490 1510
1491 1497
1492 1514
1493 1507
1494 1495
1498 1515
1499 1501
1500 1518
1503 1522
1505 1516
1506 1509
1511 1529
1512 1517
1513 1520
1519 1525
1521 1533
1523 1544
1524 1530
1526 1546
1527 1534
1528 1548
1531 1538
1532 1550
1535 1557
1536 1552
1537 1545
1539 1561
1540 1559
1541 1542
1543 1558
1547 1554
1549 1570
1551 1564
1553 1568
1555 1560
1556 1566
1562 1572
1563 1584
1565 1586
1567 1574
1569 1571
1573 1577
1575 1583
1576 1587
1578 1579
1580 1582
1581 1592
1585 1598
1588 1590
1589 1607
1591 1612
1593 1601
1594 1602
1595 1613
1596 1610
1597 1605
1599 1611
1600 1618
1603 1620
1604 1623
1606 1627
1608 1625
1609 1615
1614 1622
1616 1624
1617 1637
1619 1630
1621 1632
1626 1636
1628 1638
1629 1647
1631 1634
1633 1645
1635 1644
1639 1660
1640 1651
1641 1642
1643 1649
1646 1662
1648 1668
1650 1661
1652 1658
1653 1673
1654 1655
1656 1674
1657 1670
1659 1663
1664 1665
1666 1671
1667 1683
1669 1677
1672 1680
1675 1693
1676 1687
1678 1696
1679 1699
1681 1702
1682 1691
1684 1690
1685 1692
1686 1701
1688 1703
1689 1706
1694 1707
1695 1700
1697 1704
1698 1713
1705 1716
1708 1715
1709 1710
1711 1727
1712 1726
1714 1732
1717 1731
1718 1739
1719 1737
1720 1738
1721 1740
1722 1742
1723 1728
1724 1744
1725 1733
1729 1735
1730 1734
1736 1753
1741 1761
1743 1758
1745 1746
1747 1757
1748 1767
1749 1762
1750 1769
1751 1772
1752 1771
1754 1775
1755 1760
1756 1778
1759 1773
1763 1776
1764 1774
1765 1768
1766 1786
1770 1790
1777 1785
1779 1795
1780 1796
1781 1800
1782 1792
1783 1803
1784 1791
1787 1809
1788 1797
1789 1804
1793 1811
1794 1816
1798 1818
1799 1812
1801 1807
1802 1819
1805 1806
1808 1815
1810 1824
1813 1834
1814 1835
1817 1828
1820 1842
1821 1831
1822 1844
1823 1840
1825 1838
1826 1843
1827 1836
1829 1845
1830 1846
1832 1833
1837 1847
1839 1852
1841 1849
1848 1859
1850 1869
1851 1870
1853 1854
1855 1865
1856 1877
1857 1873
1858 1861
1860 1882
1862 1864
1863 1866
1867 1880
1868 1883
1871 1887
1872 1879
1874 1881
1875 1884
1876 1885
1878 1892
1886 1906
1888 1909
1889 1893
1890 1901
1891 1905
1894 1907
1895 1908
1896 1916
1897 1899
1898 1910
1900 1902
1903 1922
1904 1924
1911 1917
1912 1927
1913 1929
1914 1919
1915 1937
1918 1928
1920 1930
1921 1934
1923 1933
1925 1947
1926 1946
1931 1941
1932 1935
1936 1940
1938 1954
1939 1942
1943 1961
1944 1962
1945 1949
1948 1963
1950 1964
1951 1953
1952 1973
1955 1957
1956 1977
1958 1975
1959 1971
1960 1980
1965 1982
1966 1981
1967 1987
1968 1969
1970 1985
1972 1988
1974 1992
1976 1995
1978 1998
1979 1991
1983 1999
1984 1993
1986 1989
1990 1996
1994 2015
1997 2006
2000 2002
2001 2017
2003 2013
2004 2026
2005 2008
2007 2010
2009 2014
2011 2030
2012 2022
2016 2027
2018 2023
2019 2040
2020 2034
2021 2041
2024 2029
2025 2047
2028 2031
2032 2036
2033 2043
2035 2046
2037 2044
2038 2058
2039 2045
2042 2049
2048 2053
2050 2062
2051 2070
2052 2064
2054 2061
2055 2075
2056 2065
2057 2073
2059 2081
2060 2074
2063 2066
2067 2082
2068 2085
2069 2089
2071 2079
2072 2083
2076 2094
2077 2080
2078 2084
2086 2105
2087 2103
2088 2102
2090 2095
2091 2099
2092 2108
2093 2114
2096 2109
2097 2110
2098 2104
2100 2116
2101 2123
2106 2111
2107 2112
2113 2128
2115 2117
2118 2133
2119 2126
2120 2141
2121 2127
2122 2125
2124 2143
2129 2149
2130 2132
2131 2146
2134 2155
2135 2156
2136 2150
2137 2154
2138 2147
2139 2140
2142 2157
2144 2160
2145 2161
2148 2164
2151 2168
2152 2159
2153 2169
2158 2162
2163 2175
2165 2182
2166 2180
2167 2174
2170 2189
2171 2192
2172 2193
2173 2194
2176 2187
2177 2196
2178 2179
2181 2202
2183 2190
2184 2197
2185 2207
2186 2200
2188 2210
2191 2198
2195 2205
2199 2221
2201 2219
2203 2211
2204 2208
2206 2223
2209 2224
2212 2226
2213 2228
2214 2231
2215 2222
2216 2237
2217 2225
2218 2236
2220 2232
2227 2233
2229 2230
2234 2246
2235 2245
2238 2256
2239 2260
2240 2258
2241 2262
2242 2263
2243 2257
2244 2266
2247 2259
2248 2250
2249 2271
2251 2269
2252 2253
2254 2261
2255 2267
2264 2278
2265 2282
2268 2274
2270 2285
2272 2284
2273 2291
2275 2295
2276 2293
2277 2280
2279 2292
2281 2299
2283 2301
2286 2289
2287 2290
2288 2304
2294 2307
2296 2308
2297 2310
2298 2311
2300 2316
2302 2305
2303 2324
2306 2312
2309 2327
2313 2334
2314 2326
2315 2321
2317 2339
2318 2337
2319 2328
2320 2331
2322 2333
2323 2325
2329 2342
2330 2345
2332 2344
2335 2343
2336 2353
2338 2349
2340 2355
2341 2360
2346 2359
2347 2362
2348 2368
2350 2354
2351 2356
2352 2373
2357 2376
2358 2380
2361 2363
2364 2377
2365 2367
2366 2386
2369 2370
2371 2388
2372 2378
2374 2387
2375 2389
2379 2399
2381 2403
2382 2393
2383 2395
2384 2400
2385 2396
2390 2408
2391 2413
2392 2397
2394 2405
2398 2404
2401 2416
2402 2421
2406 2423
2407 2411
2409 2415
2410 2418
2412 2422
2414 2435
2417 2426
2419 2437
2420 2438
2424 2427
2425 2439
2428 2441
2429 2433
2430 2431
2432 2442
2434 2450
2436 2458
2440 2459
2443 2461
2444 2465
2445 2460
2446 2455
2447 2464
2448 2466
2449 2457
2451 2462
2452 2473
2453 2471
2454 2476
2456 2470
2463 2481
2467 2482
2468 2486
2469 2474
2472 2489
2475 2491
2477 2498
2478 2487
2479 2496
2480 2490
2483 2505
2484 2501
2485 2493
2488 2503
2492 2504
2494 2499
2495 2507
2497 2512
2500 2516
2502 2522
2506 2511
2508 2517
2509 2515
2510 2519
2513 2532
2514 2518
2520 2541
2521 2525
2523 2534
2524 2540
2526 2542
2527 2549
2528 2546
2529 2533
2530 2548
2531 2551
2535 2553
2536 2558
2537 2543
2538 2560
2539 2557
2544 2545
2547 2564
2550 2556
2552 2559
2554 2565
2555 2576
2561 2563
2562 2579
2566 2584
2567 2568
2569 2587
2570 2573
2571 2591
2572 2593
2574 2586
2575 2583
2577 2594
2578 2597
2580 2585
2581 2598
2582 2601
2588 2590
2589 2602
2592 2596
2595 2603
2599 2607
2600 2609
2604 2612
2605 2614
2606 2616
2608 2623
2610 2615
2611 2624
2613 2617
2618 2637
2619 2622
2620 2633
2621 2630
2625 2642
2626 2632
2627 2639
2628 2645
2629 2648
2631 2653
2634 2647
2635 2656
2636 2658
2638 2640
2641 2655
2643 2660
2644 2661
2646 2662
2649 2650
2651 2668
2652 2667
2654 2673
2657 2665
2659 2664
2663 2678
2666 2671
2669 2681
2670 2691
2672 2694
2674 2676
2675 2696
2677 2697
2679 2686
2680 2690
2682 2689
2683 2688
2684 2705
2685 2693
2687 2703
2692 2699
2695 2715
2698 2716
2700 2719
2701 2707
2702 2712
2704 2709
2706 2722
2708 2710
2711 2718
2713 2735
2714 2736
2717 2732
2720 2726
2721 2737
2723 2741
2724 2734
2725 2728
2727 2742
2729 2745
2730 2747
2731 2743
2733 2753
2738 2749
2739 2760
2740 2748
2744 2759
2746 2758
2750 2769
2751 2756
2752 2757
2754 2772
2755 2774
2761 2783
2762 2768
2763 2775
2764 2784
2765 2777
2766 2778
2767 2788
2770 2789
2771 2776
2773 2782
2779 2800
2780 2801
2781 2787
2785 2799
2786 2795
2790 2809
2791 2808
2792 2812
2793 2810
2794 2803
2796 2814
2797 2819
2798 2813
2802 2811
2804 2807
2805 2825
2806 2823
2815 2836
2816 2835
2817 2834
2818 2824
2820 2833
2821 2822
2826 2845
2827 2838
2828 2847
2829 2848
2830 2852
2831 2846
2832 2841
2837 2853
2839 2857
2840 2858
2842 2862
2843 2864
2844 2850
2849 2871
2851 2867
2854 2866
2855 2877
2856 2870
2859 2874
2860 2861
2863 2879
2865 2882
2868 2886
2869 2887
2872 2888
2873 2883
2875 2878
2876 2890
2880 2884
2881 2896
2885 2897
2889 2904
2891 2907
2892 2913
2893 2911
2894 2908
2895 2905
2898 2909
2899 2906
2900 2920
2901 2917
2902 2918
2903 2924
2910 2916
2912 2915
2914 2922
2919 2936
2921 2933
2923 2943
2925 2932
2926 2939
2927 2930
2928 2946
2929 2941
2931 2947
2934 2955
2935 2938
2937 2950
2940 2952
2942 2956
2944 2949
2945 2966
2948 2968
2951 2972
2953 2959
2954 2963
2957 2978
2958 2961
2960 2982
2962 2971
2964 2970
2965 2986
2967 2984
2969 2988
2973 2991
2974 2976
2975 2993
2977 2999
2979 3001
2980 3002
2981 2983
2985 2997
2987 3007
2989 3008
2990 3000
2992 2994
2995 2996
2998 3010
3003 3009
3004 3014
3005 3015
3006 3026
3011 3029
3012 3020
3013 3018
3016 3023
3017 3032
3019 3022
3021 3041
3024 3039
3025 3037
3027 3028
3030 3047
3031 3035
3033 3051
3034 3045
3036 3043
3038 3040
3042 3049
3044 3059
3046 3063
3048 3053
3050 3072
3052 3067
3054 3073
3055 3060
3056 3074
3057 3065
3058 3071
3061 3075
3062 3068
3064 3069
3066 3084
3070 3077
3076 3087
3078 3094
3079 3081
3080 3089
3082 3097
3083 3099
3085 3093
3086 3092
3088 3098
3090 3110
3091 3103
3095 3112
3096 3100
3101 3116
3102 3123
3104 3126
3105 3120
3106 3107
3108 3130
3109 3121
3111 3127
3113 3132
3114 3129
3115 3119
3117 3138
3118 3137
3122 3143
3124 3133
3125 3134
3128 3150
3131 3145
3135 3153
3136 3140
3139 3147
3141 3154
3142 3155
3144 3148
3146 3149
3151 3163
3152 3158
3156 3177
3157 3168
3159 3170
3160 3180
3161 3164
3162 3174
3165 3181
3166 3176
3167 3173
3169 3183
3171 3190
3172 3193
3175 3197
3178 3198
3179 3192
3182 3203
3184 3202
3185 3205
3186 3207
3187 3189
3188 3195
3191 3194
3196 3217
3199 3218
3200 3208
3201 3209
3204 3220
3206 3222
3210 3221
3211 3219
3212 3224
3213 3215
3214 3227
3216 3223
3225 3231
3226 3235
3228 3245
3229 3240
3230 3244
3232 3253
3233 3255
3234 3247
3236 3241
3237 3256
3238 3252
3239 3260
3242 3249
3243 3258
3246 3263
3248 3265
3250 3271
3251 3262
3254 3268
3257 3269
3259 3266
3261 3283
3264 3278
3267 3279
3270 3277
3272 3294
3273 3275
3274 3293
3276 3288
3280 3284
3281 3286
3282 3297
3285 3300
3287 3290
3289 3301
3291 3303
3292 3295
3296 3307
3298 3305
3299 3306
3302 3312
3304 3319
3308 3315
3309 3323
3310 3317
3311 3326
3313 3334
3314 3333
3316 3328
3318 3324
3320 3341
3321 3329
3322 3336
3325 3347
3327 3349
3330 3339
3331 3352
3332 3343
3335 3344
3337 3356
3338 3340
3342 3359
3345 3358
3346 3357
3348 3362
3350 3351
3353 3354
3355 3370
3360 3374
3361 3371
3363 3368
3364 3366
3365 3367
3369 3377
3372 3380
3373 3382
3375 3376
3378 3393
3379 3397
3381 3398
3383 3392
3384 3388
3385 3402
3386 3405
3387 3399
3389 3396
3390 3408
3391 3413
3394 3395
3400 3420
3401 3406
3403 3414
3404 3416
3407 3421
3409 3425
3410 3430
3411 3423
3412 3422
3415 3428
3417 3431
3418 3434
3419 3436
3424 3426
3427 3440
3429 3441
3432 3433
3435 3450
3437 3442
3438 3445
3439 3451
3443 3464
3444 3457
3446 3466
3447 3452
3448 3461
3449 3458
3453 3474
3454 3467
3455 3473
3456 3478
3459 3465
3460 3481
3462 3470
3463 3469
3468 3479
3471 3493
3472 3484
3475 3485
3476 3480
3477 3489
3482 3490
3483 3502
3486 3507
3487 3495
3488 3504
3491 3500
3492 3499
3494 3497
3496 3508
3498 3505
3501 3522
3503 3506
3509 3511
3510 3532
3512 3518
3513 3523
3514 3517
3515 3536
3516 3524
3519 3527
3520 3525
3521 3530
3526 3529
3528 3538
3531 3545
3533 3546
3534 3550
3535 3554
3537 3544
3539 3541
3540 3562
3542 3556
3543 3564
3547 3559
3548 3555
3549 3565
3551 3563
3552 3573
3553 3572
3557 3570
3558 3579
3560 3578
3561 3576
3566 3577
3567 3585
3568 3574
3569 3582
3571 3581
3575 3592
3580 3584
3583 3589
3586 3597
3587 3600
3588 3606
3590 3603
3591 3604
3593 3594
3595 3598
3596 3616
3599 3614
3601 3607
3602 3622
3605 3621
3608 3613
3609 3626
3610 3628
3611 3615
3612 3620
3617 3635
3618 3631
3619 3637
3623 3640
3624 3642
3625 3629
3627 3646
3630 3636
3632 3651
3633 3650
3634 3652
3638 3654
3639 3653
3641 3647
3643 3655
3644 3662
3645 3656
3648 3649
3657 3659
3658 3672
3660 3663
3661 3666
3664 3682
3665 3680
3667 3684
3668 3679
3669 3676
3670 3683
3671 3686
3673 3685
3674 3693
3675 3689
3677 3695
3678 3692
3681 3702
3687 3703
3688 3699
3690 3711
3691 3705
3694 3701
3696 3713
3697 3698
3700 3716
3704 3724
3706 3721
3707 3726
3708 3730
3709 3727
3710 3720
3712 3731
3714 3732
3715 3733
3717 3736
3718 3739
3719 3734
3722 3729
3723 3738
3725 3735
3728 3745
3737 3754
3740 3756
3741 3746
3742 3761
3743 3751
3744 3762
3747 3759
3748 3757
3749 3767
3750 3753
3752 3772
3755 3766
3758 3773
3760 3765
3763 3764
3768 3769
3770 3784
3771 3778
3774 3781
3775 3793
3776 3796
3777 3789
3779 3792
3780 3791
3782 3801
3783 3802
3785 3803
3786 3790
3787 3799
3788 3806
3794 3795
3797 3809
3798 3813
3800 3816
3804 3807
3805 3822
3808 3815
3810 3828
3811 3832
3812 3823
3814 3817
3818 3833
3819 3821
3820 3824
3825 3842
3826 3841
3827 3847
3829 3834
3830 3846
3831 3837
3835 3838
3836 3850
3839 3859
3840 3851
3843 3861
3844 3856
3845 3864
3848 3862
3849 3869
3852 3865
3853 3868
3854 3875
3855 3873
3857 3878
3858 3877
3860 3871
3863 3872
3866 3887
3867 3880
3870 3891
3874 3883
3876 3886
3879 3892
3881 3882
3884 3890
3885 3894
3888 3906
3889 3910
3893 3895
3896 3904
3897 3907
3898 3902
3899 3913
3900 3912
3901 3917
3903 3919
3905 3920
3908 3921
3909 3928
3911 3932
3914 3931
3915 3923
3916 3937
3918 3934
3922 3929
3924 3925
3926 3940
3927 3949
3930 3938
3933 3944
3935 3936
3939 3953
3941 3946
3942 3954
3943 3952
3945 3959
3947 3969
3948 3955
3950 3960
3951 3971
3956 3965
3957 3958
3961 3975
3962 3978
3963 3983
3964 3974
3966 3987
3967 3973
3968 3977
3970 3972
3976 3996
3979 3999
3980 3988
3981 4000
3982 3985
3984 4004
3986 3998
3989 4011
3990 4005
3991 4012
3992 4010
3993 3997
3994 4002
3995 4014
4001 4003
4006 4020
4007 4024
4008 4019
4009 4023
4013 4015
4016 4018
4017 4030
4021 4043
4022 4029
4025 4034
4026 4042
4027 4028
4031 4041
4032 4053
4033 4051
4035 4039
4036 4056
4037 4040
4038 4048
4044 4060
4045 4067
4046 4063
4047 4064
4049 4054
4050 4068
4052 4059
4055 4072
4057 4070
4058 4074
4061 4078
4062 4081
4065 4084
4066 4075
4069 4091
4071 4087
4073 4079
4076 4083
4077 4097
4080 4088
4082 4085
4086 4101
4089 4092
4090 4106
4093 4109
4094 4096
4095 4116
4098 4115
4099 4102
4100 4118
4103 4117
4104 4110
4105 4126
4107 4127
4108 4123
4111 4125
4112 4131
4113 4133
4114 4124
4119 4120
4121 4136
4122 4140
4128 4145
4129 4150
4130 4134
4132 4147
4135 4139
4137 4153
4138 4144
4141 4160
4142 4156
4143 4162
4146 4151
4148 4165
4149 4163
4152 4157
4154 4159
4155 4168
4158 4178
4161 4179
4164 4183
4166 4175
4167 4189
4169 4188
4170 4186
4171 4181
4172 4193
4173 4177
4174 4195
4176 4196
4180 4197
4182 4201
4184 4202
4185 4194
4187 4204
4190 4199
4191 4192
4198 4211
4200 4221
4203 4214
4205 4213
4206 4216
4207 4222
4208 4212
4209 4224
4210 4223
4215 4218
4217 4239
4219 4227
4220 4226
4225 4234
4228 4235
4229 4247
4230 4242
4231 4233
4232 4238
4236 4258
4237 4249
4240 4255
4241 4261
4243 4252
4244 4260
4245 4259
4246 4268
4248 4257
4250 4272
4251 4264
4253 4273
4254 4275
4256 4266
4262 4263
4265 4274
4267 4269
4270 4284
4271 4281
4276 4294
4277 4291
4278 4282
4279 4292
4280 4286
4283 4298
4285 4306
4287 4309
4288 4302
4289 4293
4290 4299
4295 4311
4296 4310
4297 4318
4300 4314
4301 4305
4303 4315
4304 4308
4307 4324
4312 4323
4313 4320
4316 4331
4317 4328
4319 4322
4321 4333
4325 4337
4326 4335
4327 4343
4329 4344
4330 4345
4332 4340
4334 4347
4336 4354
4338 4357
4339 4356
4341 4352
4342 4360
4346 4350
4348 4366
4349 4362
4351 4368
4353 4367
4355 4363
4358 4365
4359 4376
4361 4374
4364 4384
4369 4379
4370 4380
4371 4392
4372 4393
4373 4382
4375 4389
4377 4398
4378 4388
4381 4394
4383 4403
4385 4407
4386 4387
4390 4404
4391 4399
4395 4406
4396 4415
4397 4417
4400 4416
4401 4419
4402 4414
4405 4418
4408 4429
4409 4424
4410 4428
4411 4431
4412 4422
4413 4434
4420 4435
4421 4425
4423 4437
4426 4430
4427 4445
4432 4433
4436 4452
4438 4449
4439 4446
4440 4443
4441 4455
4442 4454
4444 4453
4447 4465
4448 4458
4450 4472
4451 4467
4456 4460
4457 4474
4459 4468
4461 4481
4462 4484
4463 4464
4466 4483
4469 4482
4470 4479
4471 4488
4473 4491
4475 4476
4477 4487
4478 4493
4480 4502
4485 4496
4486 4499
4489 4507
4490 4495
4492 4509
4494 4498
4497 4513
4500 4503
4501 4517
4504 4514
4505 4519
4506 4511
4508 4510
4512 4528
4515 4537
4516 4520
4518 4536
4521 4540
4522 4541
4523 4526
4524 4543
4525 4535
4527 4534
4529 4544
4530 4549
4531 4552
4532 4554
4533 4548
4538 4542
4539 4546
4545 4567
4547 4566
4550 4570
4551 4564
4553 4561
4555 4560
4556 4557
4558 4572
4559 4569
4562 4580
4563 4585
4565 4581
4568 4587
4571 4577
4573 4584
4574 4582
4575 4579
4576 4597
4578 4599
4583 4590
4586 4591
4588 4603
4589 4602
4592 4610
4593 4600
4594 4613
4595 4596
4598 4604
4601 4608
4605 4625
4606 4616
4607 4617
4609 4622
4611 4612
4614 4636
4615 4623
4618 4621
4619 4620
4624 4626
4627 4637
4628 4645
4629 4633
4630 4632
4631 4649
4634 4656
4635 4650
4638 4643
4639 4658
4640 4659
4641 4653
4642 4646
4644 4661
4647 4666
4648 4668
4651 4671
4652 4660
4654 4676
4655 4677
4657 4674
4662 4679
4663 4681
4664 4684
4665 4673
4667 4678
4669 4680
4670 4685
4672 4686
4675 4682
4683 4694
4687 4699
4688 4704
4689 4706
4690 4692
4691 4700
4693 4710
4695 4712
4696 4709
4697 4703
4698 4720
4701 4713
4702 4711
4705 4715
4707 4708
4714 4721
4716 4736
4717 4739
4718 4726
4719 4731
4722 4729
4723 4735
4724 4744
4725 4745
4727 4732
4728 4746
4730 4742
4733 4751
4734 4743
4737 4738
4740 4752
4741 4755
4747 4768
4748 4767
4749 4771
4750 4769
4753 4757
4754 4761
4756 4763
4758 4770
4759 4762
4760 4779
4764 4784
4765 4781
4766 4776
4772 4794
4773 4787
4774 4778
4775 4780
4777 4789
4782 4797
4783 4805
4785 4796
4786 4791
4788 4795
4790 4809
4792 4811
4793 4800
4798 4816
4799 4813
4801 4819
4802 4814
4803 4807
4804 4818
4806 4828
4808 4827
4810 4815
4812 4825
4817 4839
4820 4834
4821 4830
4822 4835
4823 4844
4824 4838
4826 4848
4829 4851
4831 4833
4832 4841
4836 4858
4837 4856
4840 4857
4842 4849
4843 4855
4845 4865
4846 4850
4847 4863
4852 4874
4853 4868
4854 4864
4859 4862
4860 4878
4861 4869
4866 4875
4867 4883
4870 4882
4871 4891
4872 4886
4873 4877
4876 4896
4879 4890
4880 4884
4881 4888
4885 4889
4887 4902
4892 4913
4893 4899
4894 4910
4895 4898
4897 4904
4900 4920
4901 4908
4903 4916
4905 4926
4906 4917
4907 4924
4909 4914
4911 4928
4912 4929
4915 4922
4918 4921
4919 4941
4923 4944
4925 4927
4930 4934
4931 4935
4932 4939
4933 4954
4936 4952
4937 4948
4938 4945
4940 4947
4942 4959
4943 4962
4946 4963
4949 4965
4950 4964
4951 4956
4953 4957
4955 4966
4958 4972
4960 4980
4961 4981
4967 4974
4968 4984
4969 4976
4970 4979
4971 4973
4975 4985
4977 4992
4978 4995
4982 4989
4983 4988
4986 4991
4987 5007
4990 4999
4993 4994
4996 5006
4997 5005
4998 5020
5000 5011
5001 5010
5002 5017
5003 5013
5004 5025
5008 5026
5009 5022
5012 5014
5015 5018
5016 5031
5019 5028
5021 5027
5023 5030
5024 5034
5029 5036
5032 5038
5033 5040
5035 5044
5037 5057
5039 5056
5041 5046
5042 5055
5043 5048
5045 5067
5047 5063
5049 5060
5050 5071
5051 5065
5052 5058
5053 5068
5054 5066
5059 5072
5061 5082
5062 5081
5064 5083
5069 5079
5070 5077
5073 5076
5074 5085
5075 5096
5078 5100
5080 5097
5084 5105
5086 5103
5087 5109
5088 5092
5089 5111
5090 5102
5091 5112
5093 5110
5094 5098
5095 5115
5099 5116
5101 5107
5104 5123
5106 5127
5108 5114
5113 5121
5117 5133
5118 5125
5119 5135
5120 5137
5122 5134
5124 5145
5126 5148
5128 5139
5129 5141
5130 5146
5131 5138
5132 5140
5136 5144
5142 5143
5147 5164
5149 5160
5150 5169
5151 5171
5152 5173
5153 5174
5154 5157
5155 5167
5156 5163
5158 5175
5159 5176
5161 5170
5162 5165
5166 5186
5168 5188
5172 5181
5177 5192
5178 5187
5179 5199
5180 5189
5182 5200
5183 5198
5184 5206
5185 5205
5190 5212
5191 5211
5193 5209
5194 5197
5195 5208
5196 5217
5201 5215
5202 5216
5203 5204
5207 5227
5210 5219
5213 5222
5214 5223
5218 5220
5221 5228
5224 5242
5225 5246
5226 5237
5229 5240
5230 5234
5231 5235
5232 5254
5233 5253
5236 5257
5238 5260
5239 5243
5241 5244
5245 5259
5247 5268
5248 5265
5249 5267
5250 5252
5251 5262
5255 5270
5256 5273
5258 5264
5261 5272
5263 5266
5269 5282
5271 5281
5274 5275
5276 5283
5277 5278
5279 5284
5280 5289
5285 5302
5286 5293
5287 5307
5288 5310
5290 5291
5292 5303
5294 5297
5295 5308
5296 5305
5298 5314
5299 5300
5301 5309
5304 5320
5306 5327
5311 5330
5312 5324
5313 5333
5315 5323
5316 5329
5317 5339
5318 5325
5319 5322
5321 5338
5326 5334
5328 5335
5331 5351
5332 5336
5337 5352
5340 5354
5341 5346
5342 5345
5343 5358
5344 5362
5347 5367
5348 5360
5349 5355
5350 5357
5353 5361
5356 5372
5359 5374
5363 5375
5364 5370
5365 5366
5368 5379
5369 5387
5371 5383
5373 5395
5376 5394
5377 5378
5380 5384
5381 5403
5382 5399
5385 5396
5386 5405
5388 5398
5389 5390
5391 5400
5392 5393
5397 5419
5401 5409
5402 5418
5404 5422
5406 5416
5407 5411
5408 5415
5410 5420
5412 5433
5413 5426
5414 5421
5417 5424
5423 5432
5425 5446
5427 5445
5428 5448
5429 5430
5431 5449
5434 5435
5436 5439
5437 5442
5438 5443
5440 5456
5441 5451
5444 5463
5447 5452
5450 5460
5453 5459
5454 5461
5455 5467
5457 5466
5458 5472
5462 5484
5464 5486
5465 5476
5468 5470
5469 5477
5471 5487
5473 5480
5474 5488
5475 5479
5478 5481
5482 5500
5483 5493
5485 5497
5489 5490
5491 5495
5492 5496
5494 5508
5498 5519
5499 5511
5501 5520
5502 5514
5503 5512
5504 5507
5505 5513
5506 5515
5509 5529
5510 5524
5516 5523
5517 5528
5518 5526
5521 5536
5522 5535
5525 5537
5527 5542
5530 5531
5532 5554
5533 5539
5534 5546
5538 5557
5540 5556
5541 5543
5544 5548
5545 5562
5547 5566
5549 5555
5550 5568
5551 5563
5552 5560
5553 5572
5558 5569
5559 5580
5561 5575
5564 5570
5565 5581
5567 5586
5571 5583
5573 5579
5574 5577
5576 5595
5578 5582
5584 5592
5585 5606
5587 5604
5588 5591
5589 5611
5590 5609
5593 5596
5594 5602
5597 5598
5599 5616
5600 5621
5601 5603
5605 5618
5607 5617
5608 5613
5610 5623
5612 5619
5614 5626
5615 5633
5620 5634
5622 5636
5624 5646
5625 5639
5627 5642
5628 5635
5629 5648
5630 5650
5631 5638
5632 5653
5637 5654
5640 5652
5641 5656
5643 5644
5645 5660
5647 5661
5649 5657
5651 5655
5658 5675
5659 5671
5662 5667
5663 5677
5664 5679
5665 5682
5666 5684
5668 5687
5669 5672
5670 5691
5673 5693
5674 5690
5676 5694
5678 5698
5680 5700
5681 5688
5683 5685
5686 5706
5689 5692
5695 5709
5696 5713
5697 5704
5699 5717
5701 5722
5702 5710
5703 5711
5705 5721
5707 5725
5708 5714
5712 5723
5715 5720
5716 5728
5718 5735
5719 5724
5726 5729
5727 5740
5730 5733
5731 5747
5732 5752
5734 5741
5736 5753
5737 5751
5738 5759
5739 5748
5742 5761
5743 5756
5744 5745
5746 5763
5749 5762
5750 5764
5754 5757
5755 5770
5758 5778
5760 5780
5765 5768
5766 5786
5767 5774
5769 5789
5771 5787
5772 5776
5773 5793
5775 5783
5777 5798
5779 5785
5781 5792
5782 5791
5784 5796
5788 5797
5790 5811
5794 5814
5795 5815
5799 5807
5800 5813
5801 5802
5803 5812
5804 5824
5805 5809
5806 5821
5808 5820
5810 5826
5816 5832
5817 5833
5818 5831
5819 5837
5822 5830
5823 5838
5825 5834
5827 5839
5828 5846
5829 5835
5836 5844
5840 5841
5842 5855
5843 5858
5845 5856
5847 5859
5848 5851
5849 5852
5850 5853
5854 5866
5857 5868
5860 5872
5861 5879
5862 5870
5863 5875
5864 5877
5865 5883
5867 5871
5869 5890
5873 5888
5874 5882
5876 5885
5878 5897
5880 5902
5881 5901
5884 5891
5886 5887
5889 5910
5892 5914
5893 5904
5894 5911
5895 5916
5896 5908
5898 5913
5899 5915
5900 5921
5903 5923
5905 5925
5906 5917
5907 5922
5909 5912
5918 5934
5919 5928
5920 5933
5924 5935
5926 5942
5927 5946
5929 5943
5930 5931
5932 5951
5936 5948
5937 5956
5938 5939
5940 5941
5944 5960
5945 5950
5947 5968
5949 5955
5952 5958
5953 5966
5954 5969
5957 5970
5959 5980
5961 5962
5963 5984
5964 5972
5965 5983
5967 5978
5971 5987
5973 5992
5974 5995
5975 5979
5976 5988
5977 5997
5981 5991
5982 5994
5985 6006
5986 6002
5989 6003
5990 6010
5993 6008
5996 6013
5998 6019
5999 6001
6000 6018
6004 6011
6005 6016
6007 6029
6009 6031
6012 6014
6015 6034
6017 6021
6020 6028
6022 6041
6023 6024
6025 6045
6026 6032
6027 6039
6030 6044
6033 6048
6035 6047
6036 6038
6037 6050
6040 6054
6042 6055
6043 6060
6046 6066
6049 6061
6051 6072
6052 6070
6053 6074
6056 6068
6057 6077
6058 6062
6059 6076
6063 6084
6064 6073
6065 6075
6067 6079
6069 6081
6071 6085
6078 6095
6080 6097
6082 6103
6083 6102
6086 6101
6087 6108
6088 6099
6089 6110
6090 6106
6091 6100
6092 6107
6093 6114
6094 6112
6096 6105
6098 6116
6104 6111
6109 6117
6113 6128
6115 6129
6118 6137
6119 6123
6120 6142
6121 6127
6122 6130
6124 6146
6125 6126
6131 6144
6132 6136
6133 6154
6134 6148
6135 6149
6138 6140
6139 6156
6141 6150
6143 6158
6145 6159
6147 6160
6151 6164
6152 6165
6153 6166
6155 6176
6157 6174
6161 6183
6162 6184
6163 6175
6167 6171
6168 6169
6170 6185
6172 6190
6173 6178
6177 6187
6179 6201
6180 6195
6181 6186
6182 6199
6188 6209
6189 6194
6191 6193
6192 6207
6196 6214
6197 6204
6198 6210
6200 6212
6202 6218
6203 6220
6205 6224
6206 6211
6208 6230
6213 6232
6215 6217
6216 6219
6221 6226
6222 6235
6223 6237
6225 6236
6227 6241
6228 6234
6229 6231
6233 6240
6238 6255
6239 6258
6242 6248
6243 6245
6244 6257
6246 6253
6247 6252
6249 6265
6250 6262
6251 6267
6254 6269
6256 6271
6259 6274
6260 6273
6261 6270
6263 6278
6264 6281
6266 6268
6272 6289
6275 6282
6276 6294
6277 6295
6279 6301
6280 6291
6283 6298
6284 6306
6285 6304
6286 6308
6287 6307
6288 6305
6290 6302
6292 6299
6293 6313
6296 6303
6297 6300
6309 6322
6310 6320
6311 6324
6312 6331
6314 6319
6315 6325
6316 6335
6317 6321
6318 6333
6323 6340
6326 6344
6327 6343
6328 6329
6330 6342
6332 6350
6334 6345
6336 6357
6337 6338
6339 6349
6341 6358
6346 6366
6347 6355
6348 6359
6351 6372
6352 6364
6353 6368
6354 6363
6356 6362
6360 6378
6361 6376
6365 6382
6367 6369
6370 6380
6371 6393
6373 6384
6374 6391
6375 6383
6377 6392
6379 6397
6381 6395
6385 6401
6386 6396
6387 6404
6388 6399
6389 6390
6394 6411
6398 6416
6400 6409
6402 6412
6403 6417
6405 6415
6406 6427
6407 6418
6408 6430
6410 6413
6414 6434
6419 6439
6420 6432
6421 6428
6422 6443
6423 6437
6424 6435
6425 6444
6426 6442
6429 6450
6431 6452
6433 6448
6436 6438
6440 6456
6441 6459
6445 6467
6446 6464
6447 6469
6449 6457
6451 6470
6453 6473
6454 6455
6458 6478
6460 6468
6461 6483
6462 6477
6463 6481
6465 6485
6466 6486
6471 6488
6472 6489
6474 6492
6475 6480
6476 6493
6479 6494
6482 6499
6484 6503
6487 6490
6491 6507
6495 6500
6496 6509
6497 6501
6498 6518
6502 6515
6504 6508
6505 6513
6506 6527
6510 6531
6511 6529
6512 6519
6514 6534
6516 6533
6517 6523
6520 6526
6521 6525
6522 6524
6528 6544
6530 6540
6532 6536
6535 6553
6537 6555
6538 6541
6539 6556
6542 6546
6543 6563
6545 6558
6547 6551
6548 6562
6549 6559
6550 6561
6552 6566
6554 6575
6557 6567
6560 6571
6564 6580
6565 6583
6568 6573
6569 6588
6570 6574
6572 6590
6576 6585
6577 6586
6578 6589
6579 6582
6581 6602
6584 6596
6587 6600
6591 6606
6592 6607
6593 6603
6594 6597
6595 6610
6598 6608
6599 6619
6601 6611
6604 6616
6605 6617
6609 6628
6612 6620
6613 6623
6614 6626
6615 6622
6618 6630
6621 6631
6624 6646
6625 6645
6627 6637
6629 6651
6632 6640
6633 6652
6634 6656
6635 6657
6636 6650
6638 6653
6639 6658
6641 6661
6642 6643
6644 6648
6647 6663
6649 6660
6654 6665
6655 6659
6662 6671
6664 6673
6666 6668
6667 6689
6669 6686
6670 6682
6672 6678
6674 6676
6675 6693
6677 6681
6679 6697
6680 6685
6683 6703
6684 6706
6687 6688
6690 6698
6691 6713
6692 6705
6694 6701
6695 6702
6696 6715
6699 6721
6700 6722
6704 6725
6707 6720
6708 6712
6709 6723
6710 6729
6711 6719
6714 6728
6716 6731
6717 6732
6718 6739
6724 6734
6726 6744
6727 6748
6730 6747
6733 6745
6735 6738
6736 6756
6737 6754
6740 6746
6741 6762
6742 6743
6749 6769
6750 6766
6751 6770
6752 6765
6753 6755
6757 6777
6758 6764
6759 6775
6760 6780
6761 6774
6763 6771
6767 6789
6768 6781
6772 6785
6773 6794
6776 6786
6778 6798
6779 6788
6782 6802
6783 6796
6784 6795
6787 6791
6790 6804
6792 6812
6793 6809
6797 6817
6799 6821
6800 6807
6801 6806
6803 6820
6805 6825
6808 6818
6810 6815
6811 6832
6813 6826
6814 6822
6816 6831
6819 6823
6824 6827
6828 6837
6829 6836
6830 6844
6833 6854
6834 6845
6835 6843
6838 6858
6839 6856
6840 6862
6841 6852
6842 6855
6846 6865
6847 6853
6848 6866
6849 6857
6850 6867
6851 6870
6859 6877
6860 6879
6861 6881
6863 6872
6864 6871
6868 6869
6873 6889
6874 6892
6875 6888
6876 6878
6880 6899
6882 6903
6883 6886
6884 6901
6885 6890
6887 6900
6891 6905
6893 6913
6894 6915
6895 6917
6896 6907
6897 6911
6898 6910
6902 6912
6904 6914
6906 6908
6909 6924
6916 6926
6918 6927
6919 6925
6920 6937
6921 6931
6922 6938
6923 6944
6928 6950
6929 6946
6930 6943
6932 6952
6933 6935
6934 6955
6936 6940
6939 6957
6941 6959
6942 6948
6945 6949
6947 6953
6951 6970
6954 6965
6956 6964
6958 6978
6960 6977
6961 6982
6962 6974
6963 6969
6966 6988
6967 6980
6968 6979
6971 6972
6973 6989
6975 6976
6981 6999
6983 6998
6984 6992
6985 6986
6987 7008
6990 7011
6991 7010
6993 7006
6994 7012
6995 7013
6996 7009
6997 7015
7000 7017
7001 7018
7002 7016
7003 7014
7004 7019
7005 7024
7007 7029
7020 7031
7021 7022
7023 7032
7025 7038
7026 7030
7027 7047
7028 7034
7033 7042
7035 7043
7036 7039
7037 7041
7040 7062
7044 7051
7045 7064
7046 7063
7048 7070
7049 7060
7050 7061
7052 7071
7053 7066
7054 7065
7055 7067
7056 7073
7057 7069
7058 7080
7059 7068
7072 7076
7074 7075
7077 7089
7078 7084
7079 7083
7081 7088
7082 7092
7085 7097
7086 7105
7087 7109
7090 7101
7091 7104
7093 7103
7094 7106
7095 7111
7096 7100
7098 7116
7099 7108
7102 7113
7107 7119
7110 7117
7112 7129
7114 7131
7115 7130
7118 7126
7120 7141
7121 7136
7122 7137
7123 7143
7124 7128
7125 7144
7127 7142
7132 7150
7133 7134
7135 7149
7138 7147
7139 7161
7140 7162
7145 7167
7146 7159
7148 7158
7151 7163
7152 7153
7154 7173
7155 7156
7157 7160
7164 7171
7165 7184
7166 7187
7168 7186
7169 7175
7170 7183
7172 7174
7176 7190
7177 7179
7178 7200
7180 7201
7181 7191
7182 7189
7185 7206
7188 7196
7192 7213
7193 7215
7194 7199
7195 7207
7197 7208
7198 7210
7202 7203
7204 7226
7205 7217
7209 7222
7211 7233
7212 7231
7214 7228
7216 7238
7218 7220
7219 7240
7221 7223
7224 7236
7225 7235
7227 7245
7229 7242
7230 7239
7232 7252
7234 7254
7237 7249
7241 7260
7243 7262
7244 7259
7246 7257
7247 7261
7248 7264
7250 7267
7251 7256
7253 7266
7255 7271
7258 7263
7265 7275
7268 7281
7269 7290
7270 7289
7272 7288
7273 7277
7274 7285
7276 7293
7278 7295
7279 7284
7280 7298
7282 7294
7283 7296
7286 7287
7291 7309
7292 7307
7297 7311
7299 7303
7300 7302
7301 7310
7304 7319
7305 7322
7306 7308
7312 7329
7313 7331
7314 7330
7315 7317
7316 7332
7318 7328
7320 7334
7321 7342
7323 7333
7324 7345
7325 7344
7326 7346
7327 7338
7335 7343
7336 7347
7337 7351
7339 7353
7340 7352
7341 7358
7348 7361
7349 7369
7350 7360
7354 7366
7355 7356
7357 7376
7359 7371
7362 7377
7363 7384
7364 7385
7365 7380
7367 7387
7368 7389
7370 7390
7372 7386
7373 7379
7374 7391
7375 7393
7378 7394
7381 7400
7382 7403
7383 7395
7388 7402
7392 7414
7396 7398
7397 7419
7399 7417
7401 7411
7404 7413
7405 7416
7406 7410
7407 7425
7408 7422
7409 7423
7412 7426
7415 7418
7420 7433
7421 7431
7424 7438
7427 7436
7428 7437
7429 7441
7430 7445
7432 7450
7434 7435
7439 7444
7440 7451
7442 7448
7443 7455
7446 7447
7449 7469
7452 7465
7453 7468
7454 7463
7456 7458
7457 7470
7459 7480
7460 7476
7461 7467
7462 7473
7464 7478
7466 7471
7472 7485
7474 7484
7475 7487
7477 7490
7479 7489
7481 7486
7482 7493
7483 7496
7488 7503
7491 7499
7492 7512
7494 7498
7495 7502
7497 7517
7500 7516
7501 7509
7504 7506
7505 7523
7507 7526
7508 7521
7510 7525
7511 7527
7513 7515
7514 7532
7518 7519
7520 7528
7522 7531
7524 7530
7529 7547
7533 7549
7534 7538
7535 7546
7536 7543
7537 7539
7540 7552
7541 7553
7542 7558
7544 7566
7545 7557
7548 7570
7550 7567
7551 7573
7554 7572
7555 7556
7559 7577
7560 7579
7561 7574
7562 7564
7563 7583
7565 7578
7568 7580
7569 7582
7571 7593
7575 7588
7576 7589
7581 7586
7584 7600
7585 7604
7587 7608
7590 7603
7591 7594
7592 7609
7595 7610
7596 7618
7597 7616
7598 7602
7599 7617
7601 7614
7605 7621
7606 7620
7607 7613
7611 7629
7612 7631
7615 7625
7619 7624
7622 7632
7623 7644
7626 7639
7627 7634
7628 7642
7630 7633
7635 7648
7636 7657
7637 7638
7640 7652
7641 7654
7643 7655
7645 7656
7646 7665
7647 7659
7649 7653
7650 7672
7651 7673
7658 7667
7660 7678
7661 7676
7662 7670
7663 7668
7664 7680
7666 7687
7669 7682
7671 7677
7674 7696
7675 7684
7679 7697
7681 7686
7683 7690
7685 7688
7689 7691
7692 7708
7693 7699
7694 7704
7695 7715
7698 7712
7700 7717
7701 7705
7702 7703
7706 7709
7707 7720
7710 7727
7711 7716
7713 7726
7714 7734
7718 7739
7719 7724
7721 7730
7722 7744
7723 7740
7725 7745
7728 7748
7729 7743
7731 7753
7732 7754
7733 7741
7735 7738
7736 7756
7737 7746
7742 7762
7747 7761
7749 7757
7750 7764
7751 7759
7752 7770
7755 7771
7758 7780
7760 7769
7763 7775
7765 7766
7767 7781
7768 7773
7772 7787
7774 7792
7776 7785
7777 7789
7778 7798
7779 7788
7782 7795
7783 7799
7784 7805
7786 7807
7790 7809
7791 7802
7793 7804
7794 7815
7796 7806
7797 7819
7800 7803
7801 7812
7808 7811
7810 7824
7813 7825
7814 7822
7816 7828
7817 7836
7818 7832
7820 7829
7821 7823
7826 7827
7830 7839
7831 7844
7833 7845
7834 7842
7835 7855
7837 7850
7838 7843
7840 7853
7841 7858
7846 7860
7847 7867
7848 7852
7849 7857
7851 7869
7854 7866
7856 7875
7859 7879
7861 7870
7862 7864
7863 7874
7865 7885
7868 7889
7871 7876
7872 7873
7877 7880
7878 7888
7881 7883
7882 7901
7884 7897
7886 7899
7887 7892
7890 7903
7891 7913
7893 7909
7894 7895
7896 7900
7898 7908
7902 7921
7904 7917
7905 7911
7906 7925
7907 7910
7912 7922
7914 7924
7915 7926
7916 7933
7918 7935
7919 7940
7920 7934
7923 7939
7927 7945
7928 7941
7929 7950
7930 7943
7931 7944
7932 7947
7936 7951
7937 7938
7942 7952
7946 7960
7948 7963
7949 7961
7953 7972
7954 7970
7955 7962
7956 7967
7957 7974
7958 7969
7959 7973
7964 7978
7965 7987
7966 7988
7968 7975
7971 7977
7976 7993
7979 7998
7980 8000
7981 7991
7982 7995
7983 7986
7984 7985
7989 8007
7990 8003
7992 7994
7996 8016
7997 8006
7999 8011
8001 8013
8002 8004
8005 8019
8008 8027
8009 8026
8010 8023
8012 8024
8014 8036
8015 8037
8017 8035
8018 8020
8021 8043
8022 8025
8028 8048
8029 8038
8030 8039
8031 8049
8032 8051
8033 8053
8034 8055
8040 8046
8041 8045
8042 8056
8044 8064
8047 8063
8050 8071
8052 8073
8054 8068
8057 8060
8058 8061
8059 8081
8062 8070
8065 8083
8066 8088
8067 8075
8069 8086
8072 8091
8074 8093
8076 8095
8077 8099
8078 8084
8079 8087
8080 8098
8082 8097
8085 8102
8089 8108
8090 8094
8092 8106
8096 8113
8100 8111
8101 8110
8103 8109
8104 8126
8105 8125
8107 8115
8112 8121
8114 8129
8116 8136
8117 8131
8118 8127
8119 8137
8120 8130
8122 8140
8123 8132
8124 8142
8128 8150
8133 8138
8134 8144
8135 8145
8139 8153
8141 8158
8143 8157
8146 8155
8147 8151
8148 8169
8149 8156
8152 8170
8154 8172
8159 8168
8160 8164
8161 8180
8162 8175
8163 8173
8165 8171
8166 8174
8167 8187
8176 8191
8177 8192
8178 8199
8179 8189
8181 8186
8182 8201
8183 8194
8184 8198
8185 8190
8188 8204
8193 8197
8195 8205
8196 8209
8200 8217
8202 8214
8203 8213
8206 8223
8207 8218
8208 8216
8210 8215
8211 8231
8212 8234
8219 8220
8221 8227
8222 8242
8224 8225
8226 8230
8228 8250
8229 8232
8233 8249
8235 8253
8236 8244
8237 8243
8238 8248
8239 8255
8240 8245
8241 8263
8246 8260
8247 8258
8251 8264
8252 8273
8254 8270
8256 8272
8257 8269
8259 8266
8261 8268
8262 8280
8265 8267
8271 8276
8274 8288
8275 8282
8277 8289
8278 8294
8279 8284
8281 8301
8283 8291
8285 8304
8286 8292
8287 8300
8290 8312
8293 8309
8295 8296
8297 8306
8298 8311
8299 8302
8303 8322
8305 8317
8307 8310
8308 8326
8313 8315
8314 8321
8316 8324
8318 8335
8319 8320
8323 8345
8325 8334
8327 8328
8329 8348
8330 8343
8331 8344
8332 8342
8333 8341
8336 8354
8337 8351
8338 8357
8339 8355
8340 8362
8346 8347
8349 8352
8350 8363
8353 8359
8356 8361
8358 8369
8360 8366
8364 8374
8365 8378
8367 8379
8368 8372
8370 8384
8371 8381
8373 8382
8375 8380
8376 8389
8377 8397
8383 8402
8385 8395
8386 8398
8387 8391
8388 8396
8390 8394
8392 8408
8393 8413
8399 8414
8400 8404
8401 8419
8403 8412
8405 8422
8406 8427
8407 8418
8409 8431
8410 8425
8411 8424
8415 8432
8416 8426
8417 8429
8420 8434
8421 8428
8423 8435
8430 8440
8433 8454
8436 8437
8438 8460
8439 8449
8441 8452
8442 8448
8443 8446
8444 8462
8445 8463
8447 8468
8450 8457
8451 8472
8453 8464
8455 8458
8456 8470
8459 8477
8461 8482
8465 8474
8466 8478
8467 8481
8469 8471
8473 8487
8475 8497
8476 8488
8479 8480
8483 8499
8484 8506
8485 8491
8486 8494
8489 8503
8490 8498
8492 8501
8493 8500
8495 8515
8496 8513
8502 8517
8504 8507
8505 8512
8508 8514
8509 8520
8510 8524
8511 8521
8516 8528
8518 8530
8519 8535
8522 8543
8523 8539
8525 8533
8526 8537
8527 8545
8529 8548
8531 8532
8534 8536
8538 8552
8540 8562
8541 8553
8542 8564
8544 8547
8546 8560
8549 8570
8550 8551
8554 8571
8555 8567
8556 8563
8557 8559
8558 8568
8561 8565
8566 8576
8569 8574
8572 8586
8573 8587
8575 8593
8577 8594
8578 8592
8579 8588
8580 8602
8581 8583
8582 8585
8584 8604
8589 8591
8590 8612
8595 8599
8596 8611
8597 8619
8598 8609
8600 8614
8601 8613
8603 8624
8605 8621
8606 8622
8607 8618
8608 8615
8610 8631
8616 8617
8620 8630
8623 8625
8626 8628
8627 8634
8629 8640
8632 8653
8633 8650
8635 8648
8636 8647
8637 8659
8638 8646
8639 8652
8641 8642
8643 8649
8644 8656
8645 8651
8654 8661
8655 8664
8657 8670
8658 8677
8660 8672
8662 8667
8663 8683
8665 8678
8666 8685
8668 8680
8669 8679
8671 8675
8673 8676
8674 8696
8681 8702
8682 8691
8684 8697
8686 8693
8687 8709
8688 8689
8690 8700
8692 8708
8694 8706
8695 8711
8698 8710
8699 8704
8701 8722
8703 8718
8705 8712
8707 8719
8713 8715
8714 8723
8716 8717
8720 8739
8721 8740
8724 8725
8726 8729
8727 8746
8728 8750
8730 8731
8732 8754
8733 8741
8734 8738
8735 8744
8736 8742
8737 8757
8743 8751
8745 8761
8747 8768
8748 8766
8749 8758
8752 8755
8753 8775
8756 8763
8759 8764
8760 8782
8762 8770
8765 8769
8767 8774
8771 8778
8772 8789
8773 8780
8776 8796
8777 8794
8779 8785
8781 8788
8783 8791
8784 8792
8786 8793
8787 8801
8790 8805
8795 8811
8797 8815
8798 8809
8799 8803
8800 8814
8802 8804
8806 8820
8807 8824
8808 8821
8810 8829
8812 8834
8813 8833
8816 8830
8817 8822
8818 8819
8823 8828
8825 8844
8826 8842
8827 8846
8831 8841
8832 8843
8835 8840
8836 8850
8837 8858
8838 8857
8839 8860
8845 8853
8847 8868
8848 8859
8849 8864
8851 8866
8852 8874
8854 8872
8855 8863
8856 8862
8861 8880
8865 8870
8867 8869
8871 8889
8873 8894
8875 8896
8876 8888
8877 8898
8878 8890
8879 8892
8881 8893
8882 8884
8883 8901
8885 8891
8886 8897
8887 8906
8895 8915
8899 8910
8900 8914
8902 8920
8903 8909
8904 8923
8905 8916
8907 8925
8908 8927
8911 8929
8912 8930
8913 8926
8917 8919
8918 8931
8921 8943
8922 8940
8924 8934
8928 8939
8932 8954
8933 8935
8936 8949
8937 8947
8938 8958
8941 8945
8942 8961
8944 8957
8946 8963
8948 8969
8950 8971
8951 8964
8952 8965
8953 8970
8955 8974
8956 8972
8959 8960
8962 8983
8966 8968
8967 8977
8973 8988
8975 8981
8976 8998
8978 8984
8979 8994
8980 8992
8982 8986
8985 9007
8987 9002
8989 9006
8990 8991
8993 8996
8995 9009
8997 9000
8999 9014
9001 9021
9003 9020
9004 9018
9005 9022
9008 9024
9010 9017
9011 9013
9012 9031
9015 9016
9019 9029
9023 9034
9025 9047
9026 9045
9027 9039
9028 9035
9030 9033
9032 9037
9036 9040
9038 9051
9041 9055
9042 9056
9043 9050
9044 9066
9046 9063
9048 9049
9052 9062
9053 9072
9054 9070
9057 9075
9058 9073
9059 9060
9061 9081
9064 9083
9065 9076
9067 9086
9068 9088
9069 9091
9071 9085
9074 9078
9077 9093
9079 9100
9080 9084
9082 9103
9087 9090
9089 9109
9092 9113
9094 9110
9095 9111
9096 9102
9097 9117
9098 9099
9101 9107
9104 9106
9105 9118
9108 9121
9112 9122
9114 9129
9115 9130
9116 9136
9119 9135
9120 9137
9123 9142
9124 9128
9125 9138
9126 9146
9127 9148
9131 9149
9132 9151
9133 9152
9134 9150
9139 9147
9140 9157
9141 9145
9143 9163
9144 9155
9153 9154
9156 9166
9158 9174
9159 9170
9160 9167
9161 9178
9162 9179
9164 9172
9165 9180
9168 9177
9169 9185
9171 9189
9173 9195
9175 9196
9176 9188
9181 9203
9182 9191
9183 9194
9184 9197
9186 9208
9187 9209
9190 9212
9192 9206
9193 9215
9198 9211
9199 9221
9200 9210
9201 9222
9202 9220
9204 9207
9205 9226
9213 9234
9214 9225
9216 9233
9217 9219
9218 9223
9224 9235
9227 9248
9228 9239
9229 9250
9230 9238
9231 9251
9232 9245
9236 9243
9237 9255
9240 9253
9241 9263
9242 9258
9244 9254
9246 9268
9247 9249
9252 9256
9257 9259
9260 9270
9261 9283
9262 9281
9264 9279
9265 9278
9266 9272
9267 9276
9269 9289
9271 9288
9273 9293
9274 9295
9275 9290
9277 9285
9280 9286
9282 9300
9284 9292
9287 9302
9291 9308
9294 9313
9296 9297
9298 9303
9299 9315
9301 9311
9304 9321
9305 9310
9306 9322
9307 9326
9309 9323
9312 9317
9314 9319
9316 9328
9318 9339
9320 9332
9324 9343
9325 9341
9327 9344
9329 9346
9330 9335
9331 9337
9333 9348
9334 9350
9336 9356
9338 9351
9340 9353
9342 9358
9345 9347
9349 9371
9352 9359
9354 9372
9355 9366
9357 9362
9360 9361
9363 9381
9364 9386
9365 9379
9367 9384
9368 9380
9369 9375
9370 9378
9373 9374
9376 9385
9377 9383
9382 9390
9387 9391
9388 9402
9389 9396
9392 9393
9394 9407
9395 9415
9397 9418
9398 9406
9399 9401
9400 9422
9403 9420
9404 9426
9405 9412
9408 9416
9409 9427
9410 9429
9411 9430
9413 9419
9414 9423
9417 9425
9421 9438
9424 9436
9428 9433
9431 9435
9432 9444
9434 9454
9437 9452
9439 9449
9440 9442
9441 9459
9443 9446
9445 9450
9447 9466
9448 9458
9451 9467
9453 9465
9455 9476
9456 9473
9457 9479
9460 9482
9461 9477
9462 9471
9463 9485
9464 9475
9468 9486
9469 9472
9470 9488
9474 9494
9478 9496
9480 9490
9481 9484
9483 9501
9487 9506
9489 9504
9491 9497
9492 9502
9493 9510
9495 9513
9498 9518
9499 9512
9500 9503
9505 9514
9507 9529
9508 9524
9509 9516
9511 9525
9515 9532
9517 9533
9519 9531
9520 9534
9521 9523
9522 9541
9526 9527
9528 9542
9530 9545
9535 9556
9536 9549
9537 9557
9538 9539
9540 9559
9543 9560
9544 9555
9546 9566
9547 9553
9548 9567
9550 9570
9551 9558
9552 9573
9554 9563
9561 9571
9562 9576
9564 9585
9565 9579
9568 9588
9569 9577
9572 9578
9574 9582
9575 9593
9580 9586
9581 9601
9583 9599
9584 9591
9587 9605
9589 9603
9590 9604
9592 9600
9594 9613
9595 9616
9596 9602
9597 9619
9598 9617
9606 9611
9607 9618
9608 9625
9609 9614
9610 9623
9612 9634
9615 9621
9620 9630
9622 9631
9624 9640
9626 9638
9627 9632
9628 9635
9629 9637
9633 9653
9636 9644
9639 9645
9641 9647
9642 9654
9643 9652
9646 9659
9648 9660
9649 9655
9650 9672
9651 9658
9656 9661
9657 9663
9662 9680
9664 9675
9665 9681
9666 9677
9667 9673
9668 9688
9669 9690
9670 9687
9671 9692
9674 9682
9676 9684
9678 9686
9679 9701
9683 9704
9685 9707
9689 9709
9691 9693
9694 9696
9695 9705
9697 9711
9698 9708
9699 9717
9700 9720
9702 9722
9703 9713
9706 9718
9710 9732
9712 9714
9715 9724
9716 9734
9719 9740
9721 9731
9723 9729
9725 9728
9726 9739
9727 9747
9730 9736
9733 9746
9735 9743
9737 9741
9738 9756
9742 9749
9744 9748
9745 9759
9750 9772
9751 9757
9752 9755
9753 9775
9754 9762
9758 9778
9760 9766
9761 9768
9763 9780
9764 9776
9765 9782
9767 9788
9769 9777
9770 9789
9771 9793
9773 9774
9779 9794
9781 9795
9783 9784
9785 9804
9786 9803
9787 9801
9790 9802
9791 9808
9792 9799
9796 9818
9797 9819
9798 9811
9800 9814
9805 9825
9806 9817
9807 9828
9809 9813
9810 9827
9812 9816
9815 9835
9820 9838
9821 9830
9822 9842
9823 9829
9824 9840
9826 9841
9831 9848
9832 9850
9833 9839
9834 9849
9836 9853
9837 9854
9843 9860
9844 9865
9845 9846
9847 9856
9851 9867
9852 9871
9855 9868
9857 9870
9858 9879
9859 9872
9861 9874
9862 9866
9863 9885
9864 9869
9873 9884
9875 9895
9876 9897
9877 9892
9878 9888
9880 9889
9881 9883
9882 9902
9886 9906
9887 9909
9890 9898
9891 9901
9893 9914
9894 9915
9896 9916
9899 9908
9900 9903
9904 9912
9905 9907
9910 9922
9911 9919
9913 9923
9917 9931
9918 9939
9920 9936
9921 9928
9924 9930
9925 9935
9926 9946
9927 9944
9929 9948
9932 9945
9933 9950
9934 9956
9937 9955
9938 9957
9940 9943
9941 9959
9942 9947
9949 9954
9951 9968
9952 9958
9953 9971
9960 9969
9961 9964
9962 9978
9963 9974
9965 9975
9966 9976
9967 9982
9970 9983
9972 9986
9973 9979
9977 9991
9980 9993
9981 9988
9984 9992
9985 9994
9987 9999
9989 9995
9990 10000
9996 10007
9997 10001
9998 10004
10002 10024
10003 10006
10005 10009
10008 10026
10010 10012
10011 10014
10013 10035
10015 10031
10016 10023
10017 10027
10018 10020
10019 10033
10021 10029
10022 10040
10025 10028
10030 10043
10032 10038
10034 10049
10036 10055
10037 10052
10039 10046
10041 10063
10042 10048
10044 10047
10045 10067
10050 10065
10051 10068
10053 10058
10054 10074
10056 10071
10057 10077
10059 10080
10060 10075
10061 10083
10062 10069
10064 10079
10066 10078
10070 10087
10072 10094
10073 10082
10076 10096
10081 10098
10084 10105
10085 10101
10086 10099
10088 10091
10089 10090
10092 10104
10093 10106
10095 10097
10100 10116
10102 10118
10103 10114
10107 10121
10108 10124
10109 10117
10110 10120
10111 10126
10112 10123
10113 10132
10115 10119
10122 10127
10125 10141
10128 10140
10129 10133
10130 10134
10131 10148
10135 10147
10136 10146
10137 10142
10138 10143
10139 10149
10144 10156
10145 10151
10150 10165
10152 10167
10153 10160
10154 10161
10155 10164
10157 10175
10158 10176
10159 10169
10162 10179
10163 10174
10166 10181
10168 10182
10170 10173
10171 10184
10172 10188
10177 10194
10178 10197
10180 10195
10183 10202
10185 10203
10186 10189
10187 10201
10190 10192
10191 10193
10196 10210
10198 10215
10199 10209
10200 10207
10204 10216
10205 10214
10206 10213
10208 10220
10211 10226
10212 10222
10217 10236
10218 10231
10219 10230
10221 10235
10223 10227
10224 10234
10225 10241
10228 10229
10232 10238
10233 10248
10237 10254
10239 10243
10240 10247
10242 10252
10244 10262
10245 10261
10246 10266
10249 10257
10250 10265
10251 10256
10253 10260
10255 10258
10259 10280
10263 10285
10264 10275
10267 10287
10268 10276
10269 10282
10270 10271
10272 10281
10273 10286
10274 10290
10277 10291
10278 10293
10279 10288
10283 10292
10284 10301
10289 10306
10294 10312
10295 10302
10296 10307
10297 10305
10298 10315
10299 10313
10300 10319
10303 10318
10304 10325
10308 10328
10309 10326
10310 10330
10311 10321
10314 10322
10316 10338
10317 10327
10320 10334
10323 10340
10324 10335
10329 10339
10331 10333
10332 10336
10337 10346
10341 10356
10342 10347
10343 10355
10344 10354
10345 10367
10348 10366
10349 10360
10350 10352
10351 10372
10353 10370
10357 10377
10358 10378
10359 10375
10361 10380
10362 10381
10363 10374
10364 10384
10365 10387
10368 10382
10369 10376
10371 10383
10373 10394
10379 10392
10385 10399
10386 10408
10388 10401
10389 10397
10390 10400
10391 10409
10393 10414
10395 10415
10396 10404
10398 10418
10402 10419
10403 10416
10405 10407
10406 10426
10410 10427
10411 10422
10412 10429
10413 10430
10417 10420
10421 10432
10423 10431
10424 10441
10425 10447
10428 10433
10434 10444
10435 10438
10436 10446
10437 10449
10439 10443
10440 10460
10442 10448
10445 10459
10450 10464
10451 10468
10452 10463
10453 10466
10454 10461
10455 10472
10456 10478
10457 10471
10458 10462
10465 10477
10467 10481
10469 10480
10470 10492
10473 10474
10475 10491
10476 10488
10479 10485
10482 10489
10483 10505
10484 10487
10486 10506
10490 10504
10493 10503
10494 10495
10496 10507
10497 10511
10498 10501
10499 10517
10500 10516
10502 10508
10509 10523
10510 10520
10512 10519
10513 10535
10514 10534
10515 10529
10518 10536
10521 10533
10522 10525
10524 10538
10526 10545
10527 10539
10528 10542
10530 10544
10531 10541
10532 10540
10537 10558
10543 10548
10546 10553
10547 10565
10549 10551
10550 10567
10552 10568
10554 10576
10555 10562
10556 10575
10557 10573
10559 10564
10560 10581
10561 10583
10563 10582
10566 10572
10569 10577
10570 10590
10571 10578
10574 10595
10579 10584
10580 10597
10585 10602
10586 10608
10587 10605
10588 10596
10589 10604
10591 10611
10592 10607
10593 10600
10594 10614
10598 10610
10599 10613
10601 10606
10603 10624
10609 10617
10612 10629
10615 10626
10616 10635
10618 10625
10619 10641
10620 10637
10621 10622
10623 10638
10627 10639
10628 10643
10630 10640
10631 10646
10632 10645
10633 10655
10634 10647
10636 10656
10642 10649
10644 10654
10648 10652
10650 10671
10651 10661
10653 10675
10657 10666
10658 10669
10659 10670
10660 10674
10662 10678
10663 10682
10664 10679
10665 10667
10668 10685
10672 10686
10673 10687
10676 10698
10677 10681
10680 10697
10683 10702
10684 10696
10688 10709
10689 10710
10690 10704
10691 10712
10692 10713
10693 10707
10694 10695
10699 10700
10701 10721
10703 10706
10705 10716
10708 10715
10711 10719
10714 10729
10717 10733
10718 10731
10720 10737
10722 10741
10723 10744
10724 10743
10725 10732
10726 10734
10727 10739
10728 10742
10730 10740
10735 10749
10736 10754
10738 10756
10745 10765
10746 10763
10747 10766
10748 10758
10750 10767
10751 10773
10752 10755
10753 10774
10757 10776
10759 10761
10760 10780
10762 10769
10764 10785
10768 10782
10770 10779
10771 10783
10772 10789
10775 10787
10777 10792
10778 10797
10781 10794
10784 10800
10786 10801
10788 10791
10790 10804
10793 10802
10795 10798
10796 10808
10799 10812
10803 10811
10805 10809
10806 10826
10807 10813
10810 10829
10814 10836
10815 10816
10817 10819
10818 10821
10820 10825
10822 10838
10823 10842
10824 10834
10827 10837
10828 10844
10830 10841
10831 10846
10832 10849
10833 10845
10835 10856
10839 10861
10840 10847
10843 10858
10848 10854
10850 10852
10851 10871
10853 10865
10855 10866
10857 10868
10859 10870
10860 10863
10862 10873
10864 10885
10867 10884
10869 10874
10872 10882
10875 10887
10876 10879
10877 10878
10880 10886
10881 10894
10883 10896
10888 10892
10889 10891
10890 10901
10893 10914
10895 10907
10897 10911
10898 10910
10899 10908
10900 10918
10902 10919
10903 10915
10904 10925
10905 10926
10906 10913
10909 10923
10912 10920
10916 10935
10917 10933
10921 10931
10922 10940
10924 10936
10927 10947
10928 10944
10929 10941
10930 10951
10932 10953
10934 10950
10937 10956
10938 10942
10939 10959
10943 10964
10945 10967
10946 10958
10948 10970
10949 10963
10952 10965
10954 10968
10955 10966
10957 10962
10960 10977
10961 10980
10969 10987
10971 10972
10973 10984
10974 10985
10975 10992
10976 10979
10978 11000
10981 11002
10982 10998
10983 10995
10986 10997
10988 11004
10989 11008
10990 11011
10991 11013
10993 10994
10996 11016
10999 11019
11001 11012
11003 11007
11005 11006
11009 11017
11010 11032
11014 11021
11015 11020
11018 11038
11022 11042
11023 11024
11025 11045
11026 11048
11027 11029
11028 11030
11031 11039
11033 11053
11034 11040
11035 11036
11037 11052
11041 11044
11043 11046
11047 11069
11049 11056
11050 11063
11051 11071
11054 11072
11055 11067
11057 11079
11058 11080
11059 11078
11060 11064
11061 11083
11062 11070
11065 11066
11068 11075
11073 11090
11074 11087
11076 11088
11077 11084
11081 11085
11082 11101
11086 11102
11089 11097
11091 11103
11092 11100
11093 11107
11094 11095
11096 11118
11098 11111
11099 11115
11104 11105
11106 11123
11108 11126
11109 11124
11110 11127
11112 11122
11113 11133
11114 11128
11116 11130
11117 11136
11119 11129
11120 11139
11121 11137
11125 11132
11131 11135
11134 11147
11138 11150
11140 11145
11141 11148
11142 11159
11143 11144
11146 11168
11149 11161
11151 11169
11152 11172
11153 11171
11154 11164
11155 11167
11156 11163
11157 11158
11160 11170
11162 11183
11165 11184
11166 11182
11173 11174
11175 11188
11176 11178
11177 11192
11179 11186
11180 11190
11181 11200
11185 11206
11187 11193
11189 11207
11191 11195
11194 11201
11196 11216
11197 11210
11198 11202
11199 11218
11203 11211
11204 11223
11205 11226
11208 11222
11209 11221
11212 11219
11213 11233
11214 11225
11215 11232
11217 11231
11220 11235
11224 11234
11227 11245
11228 11248
11229 11243
11230 11246
11236 11244
11237 11255
11238 11260
11239 11254
11240 11258
11241 11259
11242 11253
11247 11251
11249 11268
11250 11269
11252 11256
11257 11276
11261 11279
11262 11274
11263 11283
11264 11270
11265 11267
11266 11287
11271 11289
11272 11277
11273 11291
11275 11281
11278 11297
11280 11299
11282 11294
11284 11286
11285 11288
11290 11306
11292 11305
11293 11309
11295 11314
11296 11308
11298 11307
11300 11321
11301 11304
11302 11322
11303 11318
11310 11311
11312 11316
11313 11331
11315 11334
11317 11320
11319 11323
11324 11336
11325 11344
11326 11348
11327 11333
11328 11340
11329 11335
11330 11343
11332 11339
11337 11341
11338 11357
11342 11352
11345 11347
11346 11368
11349 11367
11350 11360
11351 11373
11353 11375
11354 11359
11355 11361
11356 11365
11358 11372
11362 11363
11364 11384
11366 11387
11369 11382
11370 11377
11371 11388
11374 11395
11376 11393
11378 11389
11379 11394
11380 11398
11381 11397
11383 11401
11385 11400
11386 11403
11390 11407
11391 11406
11392 11413
11396 11410
11399 11420
11402 11412
11404 11425
11405 11419
11408 11421
11409 11429
11411 11422
11414 11426
11415 11417
11416 11423
11418 11440
11424 11441
11427 11436
11428 11445
11430 11443
11431 11439
11432 11435
11433 11449
11434 11446
11437 11448
11438 11454
11442 11462
11444 11464
11447 11451
11450 11460
11452 11465
11453 11473
11455 11470
11456 11476
11457 11477
11458 11459
11461 11481
11463 11480
11466 11472
11467 11483
11468 11471
11469 11490
11474 11475
11478 11488
11479 11484
11482 11501
11485 11507
11486 11491
11487 11494
11489 11511
11492 11514
11493 11505
11495 11517
11496 11503
11497 11515
11498 11500
11499 11502
11504 11510
11506 11525
11508 11519
11509 11531
11512 11528
11513 11523
11516 11522
11518 11521
11520 11526
11524 11530
11527 11539
11529 11535
11532 11546
11533 11553
11534 11538
11536 11548
11537 11559
11540 11549
11541 11560
11542 11557
11543 11552
11544 11558
11545 11556
11547 11564
11550 11554
11551 11567
11555 11563
11561 11580
11562 11570
11565 11571
11566 11579
11568 11572
11569 11577
11573 11593
11574 11589
11575 11584
11576 11578
11581 11597
11582 11603
11583 11599
11585 11605
11586 11592
11587 11607
11588 11608
11590 11591
11594 11616
11595 11598
11596 11615
11600 11610
11601 11611
11602 11619
11604 11624
11606 11627
11609 11621
11612 11626
11613 11629
11614 11632
11617 11639
11618 11628
11620 11640
11622 11625
11623 11644
11630 11647
11631 11643
11633 11648
11634 11652
11635 11641
11636 11656
11637 11654
11638 11660
11642 11645
11646 11663
11649 11670
11650 11668
11651 11664
11653 11657
11655 11676
11658 11662
11659 11679
11661 11680
11665 11669
11666 11683
11667 11674
11671 11687
11672 11684
11673 11694
11675 11685
11677 11692
11678 11688
11681 11689
11682 11704
11686 11699
11690 11698
11691 11700
11693 11713
11695 11702
11696 11709
11697 11705
11701 11708
11703 11706
11707 11729
11710 11725
11711 11721
11712 11716
11714 11730
11715 11736
11717 11732
11718 11734
11719 11726
11720 11727
11722 11731
11723 11740
11724 11746
11728 11747
11733 11743
11735 11748
11737 11738
11739 11744
11741 11751
11742 11757
11745 11766
11749 11756
11750 11754
11752 11762
11753 11768
11755 11764
11758 11771
11759 11772
11760 11775
11761 11767
11763 11784
11765 11769
11770 11776
11773 11786
11774 11777
11778 11795
11779 11782
11780 11793
11781 11794
11783 11791
11785 11806
11787 11800
11788 11798
11789 11808
11790 11804
11792 11812
11796 11810
11797 11817
11799 11809
11801 11823
11802 11816
11803 11811
11805 11814
11807 11822
11813 11819
11815 11834
11818 11837
11820 11827
11821 11831
11824 11829
11825 11847
11826 11843
11828 11835
11830 11832
11833 11852
11836 11855
11838 11840
11839 11851
11841 11854
11842 11862
11844 11846
11845 11865
11848 11869
11849 11853
11850 11861
11856 11876
11857 11878
11858 11867
11859 11879
11860 11874
11863 11884
11864 11868
11866 11888
11870 11885
11871 11889
11872 11882
11873 11883
11875 11893
11877 11894
11880 11881
11886 11895
11887 11906
11890 11905
11891 11911
11892 11908
11896 11898
11897 11903
11899 11918
11900 11914
11901 11904
11902 11924
11907 11929
11909 11930
11910 11916
11912 11932
11913 11923
11915 11936
11917 11939
11919 11935
11920 11922
11921 11940
11925 11928
11926 11927
11931 11948
11933 11943
11934 11946
11937 11952
11938 11953
11941 11956
11942 11960
11944 11947
11945 11962
11949 11968
11950 11959
11951 11961
11954 11970
11955 11974
11957 11978
11958 11975
11963 11966
11964 11986
11965 11987
11967 11977
11969 11972
11971 11993
11973 11992
11976 11997
11979 11990
11980 11985
11981 11982
11983 11988
11984 12001
11989 12003
11991 12012
11994 11998
11995 11996
11999 12005
12000 12007
12002 12004
12006 12025
12008 12018
12009 12021
12010 12022
12011 12026
12013 12034
12014 12017
12015 12033
12016 12032
12019 12024
12020 12036
12023 12043
12027 12040
12028 12044
12029 12045
12030 12037
12031 12051
12035 12048
12038 12046
12039 12059
12041 12056
12042 12055
12047 12064
12049 12063
12050 12070
12052 12071
12053 12061
12054 12060
12057 12066
12058 12078
12062 12083
12065 12087
12067 12072
12068 12081
12069 12084
12073 12080
12074 12079
12075 12092
12076 12098
12077 12090
12082 12086
12085 12104
12088 12105
12089 12110
12091 12099
12093 12115
12094 12116
12095 12114
12096 12103
12097 12107
12100 12113
12101 12122
12102 12108
12106 12111
12109 12117
12112 12131
12118 12128
12119 12133
12120 12132
12121 12137
12123 12135
12124 12142
12125 12134
12126 12140
12127 12148
12129 12147
12130 12150
12136 12145
12138 12157
12139 12144
12141 12158
12143 12161
12146 12167
12149 12160
12151 12168
12152 12170
12153 12169
12154 12156
12155 12171
12159 12165
12162 12183
12163 12166
12164 12184
12172 12191
12173 12195
12174 12175
12176 12182
12177 12196
12178 12190
12179 12186
12180 12192
12181 12201
12185 12205
12187 12200
12188 12203
12189 12211
12193 12210
12194 12215
12197 12213
12198 12220
12199 12217
12202 12222
12204 12206
12207 12228
12208 12226
12209 12224
12212 12221
12214 12219
12216 12227
12218 12232
12223 12231
12225 12235
12229 12233
12230 12240
12234 12242
12236 12250
12237 12239
12238 12251
12241 12243
12244 12246
12245 12258
12247 12253
12248 12256
12249 12271
12252 12257
12254 12265
12255 12273
12259 12274
12260 12279
12261 12281
12262 12266
12263 12276
12264 12280
12267 12283
12268 12288
12269 12286
12270 12275
12272 12293
12277 12287
12278 12289
12282 12298
12284 12306
12285 12299
12290 12301
12291 12300
12292 12310
12294 12313
12295 12302
12296 12317
12297 12303
12304 12320
12305 12312
12307 12321
12308 12323
12309 12316
12311 12318
12314 12326
12315 12328
12319 12341
12322 12327
12324 12333
12325 12331
12329 12350
12330 12352
12332 12347
12334 12354
12335 12342
12336 12343
12337 12351
12338 12348
12339 12358
12340 12357
12344 12356
12345 12361
12346 12368
12349 12371
12353 12355
12359 12377
12360 12376
12362 12369
12363 12365
12364 12385
12366 12382
12367 12388
12370 12372
12373 12375
12374 12387
12378 12392
12379 12397
12380 12401
12381 12394
12383 12390
12384 12393
12386 12389
12391 12407
12395 12406
12396 12399
12398 12420
12400 12411
12402 12423
12403 12421
12404 12419
12405 12426
12408 12410
12409 12413
12412 12427
12414 12429
12415 12437
12416 12417
12418 12432
12422 12434
12424 12442
12425 12435
12428 12448
12430 12449
12431 12446
12433 12441
12436 12440
12438 12453
12439 12443
12444 12466
12445 12450
12447 12469
12451 12462
12452 12467
12454 12457
12455 12473
12456 12476
12458 12477
12459 12463
12460 12468
12461 12465
12464 12475
12470 12492
12471 12491
12472 12481
12474 12480
12478 12498
12479 12490
12482 12497
12483 12500
12484 12505
12485 12496
12486 12494
12487 12503
12488 12509
12489 12504
12493 12499
12495 12511
12501 12521
12502 12515
12506 12507
12508 12530
12510 12523
12512 12522
12513 12516
12514 12531
12517 12519
12518 12528
12520 12541
12524 12529
12525 12538
12526 12527
12532 12536
12533 12539
12534 12547
12535 12550
12537 12553
12540 12551
12542 12561
12543 12562
12544 12560
12545 12548
12546 12566
12549 12570
12552 12555
12554 12569
12556 12575
12557 12578
12558 12563
12559 12573
12564 12577
12565 12581
12567 12579
12568 12571
12572 12586
12574 12590
12576 12582
12580 12592
12583 12594
12584 12597
12585 12593
12587 12598
12588 12603
12589 12610
12591 12611
12595 12616
12596 12613
12599 12612
12600 12607
12601 12622
12602 12604
12605 12621
12606 12623
12608 12626
12609 12620
12614 12615
12617 12632
12618 12631
12619 12629
12624 12640
12625 12636
12627 12648
12628 12647
12630 12651
12633 12653
12634 12637
12635 12643
12638 12658
12639 12649
12641 12663
12642 12662
12644 12665
12645 12661
12646 12666
12650 12669
12652 12654
12655 12676
12656 12678
12657 12677
12659 12679
12660 12668
12664 12684
12667 12686
12670 12675
12671 12680
12672 12681
12673 12691
12674 12694
12682 12687
12683 12688
12685 12706
12689 12704
12690 12702
12692 12713
12693 12707
12695 12701
12696 12712
12697 12700
12698 12703
12699 12711
12705 12720
12708 12729
12709 12728
12710 12716
12714 12723
12715 12731
12717 12726
12718 12738
12719 12721
12722 12740
12724 12745
12725 12741
12727 12732
12730 12751
12733 12742
12734 12753
12735 12754
12736 12748
12737 12757
12739 12758
12743 12755
12744 12761
12746 12766
12747 12756
12749 12762
12750 12769
12752 12759
12760 12775
12763 12783
12764 12770
12765 12781
12767 12787
12768 12771
12772 12793
12773 12777
12774 12778
12776 12782
12779 12791
12780 12785
12784 12799
12786 12798
12788 12790
12789 12804
12792 12812
12794 12805
12795 12810
12796 12806
12797 12819
12800 12803
12801 12807
12802 12811
12808 12818
12809 12824
12813 12822
12814 12834
12815 12825
12816 12835
12817 12831
12820 12827
12821 12828
12823 12826
12829 12849
12830 12852
12832 12840
12833 12844
12836 12841
12837 12853
12838 12859
12839 12842
12843 12847
12845 12861
12846 12864
12848 12870
12850 12857
12851 12872
12854 12862
12855 12868
12856 12878
12858 12866
12860 12876
12863 12883
12865 12886
12867 12888
12869 12884
12871 12877
12873 12890
12874 12882
12875 12893
12879 12896
12880 12895
12881 12901
12885 12904
12887 12903
12889 12905
12891 12909
12892 12894
12897 12910
12898 12915
12899 12914
12900 12916
12902 12923
12906 12927
12907 12922
12908 12918
12911 12930
12912 12934
12913 12919
12917 12928
12920 12940
12921 12943
12924 12944
12925 12945
12926 12946
12929 12949
12931 12936
12932 12937
12933 12939
12935 12955
12938 12951
12941 12960
12942 12961
12947 12965
12948 12970
12950 12963
12952 12966
12953 12975
12954 12967
12956 12957
12958 12969
12959 12962
12964 12974
12968 12990
12971 12973
12972 12985
12976 12981
12977 12982
12978 12989
12979 13001
12980 12999
12983 12998
12984 13004
12986 12993
12987 12997
12988 13008
12991 13013
12992 13007
12994 13014
12995 12996
13000 13017
13002 13021
13003 13012
13005 13019
13006 13025
13009 13023
13010 13018
13011 13033
13015 13036
13016 13026
13020 13037
13022 13044
13024 13030
13027 13035
13028 13045
13029 13050
13031 13049
13032 13046
13034 13056
13038 13039
13040 13060
13041 13043
13042 13055
13047 13052
13048 13070
13051 13072
13053 13066
13054 13068
13057 13071
13058 13063
13059 13079
13061 13076
13062 13077
13064 13084
13065 13082
13067 13078
13069 13075
13073 13093
13074 13089
13080 13081
13083 13088
13085 13105
13086 13090
13087 13104
13091 13097
13092 13114
13094 13096
13095 13116
13098 13101
13099 13106
13100 13120
13102 13119
13103 13111
13107 13121
13108 13122
13109 13125
13110 13130
13112 13123
13113 13134
13115 13136
13117 13126
13118 13128
13124 13145
13127 13135
13129 13141
13131 13152
13132 13147
13133 13144
13137 13140
13138 13143
13139 13159
13142 13150
13146 13163
13148 13166
13149 13169
13151 13161
13153 13173
13154 13175
13155 13157
13156 13177
13158 13168
13160 13167
13162 13178
13164 13172
13165 13180
13170 13185
13171 13176
13174 13188
13179 13186
13181 13198
13182 13199
13183 13204
13184 13197
13187 13194
13189 13206
13190 13207
13191 13201
13192 13200
13193 13208
13195 13196
13202 13215
13203 13211
13205 13219
13209 13217
13210 13227
13212 13230
13213 13235
13214 13231
13216 13222
13218 13223
13220 13240
13221 13232
13224 13246
13225 13247
13226 13238
13228 13249
13229 13241
13233 13245
13234 13256
13236 13248
13237 13243
13239 13260
13242 13255
13244 13250
13251 13270
13252 13263
13253 13257
13254 13274
13258 13271
13259 13275
13261 13278
13262 13280
13264 13272
13265 13269
13266 13282
13267 13284
13268 13273
13276 13288
13277 13294
13279 13299
13281 13296
13283 13292
13285 13290
13286 13298
13287 13307
13289 13293
13291 13301
13295 13300
13297 13312
13302 13310
13303 13305
13304 13311
13306 13317
13308 13320
13309 13324
13313 13325
13314 13323
13315 13334
13316 13327
13318 13337
13319 13338
13321 13343
13322 13332
13326 13344
13328 13342
13329 13351
13330 13341
13331 13340
13333 13352
13335 13336
13339 13361
13345 13364
13346 13355
13347 13362
13348 13363
13349 13360
13350 13354
13353 13373
13356 13368
13357 13372
13358 13376
13359 13379
13365 13374
13366 13369
13367 13389
13370 13382
13371 13387
13375 13378
13377 13398
13380 13385
13381 13401
13383 13395
13384 13406
13386 13390
13388 13393
13391 13411
13392 13399
13394 13402
13396 13414
13397 13416
13400 13405
13403 13417
13404 13420
13407 13412
13408 13429
13409 13415
13410 13424
13413 13425
13418 13439
13419 13426
13421 13427
13422 13430
13423 13436
13428 13448
13431 13444
13432 13445
13433 13453
13434 13438
13435 13455
13437 13442
13440 13458
13441 13460
13443 13462
13446 13461
13447 13463
13449 13471
13450 13469
13451 13464
13452 13456
13454 13472
13457 13466
13459 13465
13467 13483
13468 13478
13470 13485
13473 13495
13474 13479
13475 13487
13476 13491
13477 13496
13480 13493
13481 13500
13482 13503
13484 13497
13486 13494
13488 13508
13489 13504
13490 13502
13492 13501
13498 13506
13499 13516
13505 13513
13507 13511
13509 13531
13510 13517
13512 13526
13514 13527
13515 13522
13518 13539
13519 13538
13520 13535
13521 13543
13523 13534
13524 13529
13525 13536
13528 13549
13530 13542
13532 13540
13533 13551
13537 13546
13541 13558
13544 13566
13545 13556
13547 13569
13548 13559
13550 13563
13552 13564
13553 13560
13554 13576
13555 13562
13557 13572
13561 13565
13567 13580
13568 13586
13570 13585
13571 13593
13573 13589
13574 13578
13575 13596
13577 13579
13581 13600
13582 13594
13583 13605
13584 13601
13587 13606
13588 13598
13590 13599
13591 13602
13592 13609
13595 13608
13597 13610
13603 13612
13604 13620
13607 13619
13611 13627
13613 13616
13614 13629
13615 13623
13617 13637
13618 13634
13621 13624
13622 13641
13625 13643
13626 13648
13628 13650
13630 13639
13631 13633
13632 13653
13635 13645
13636 13638
13640 13659
13642 13658
13644 13665
13646 13667
13647 13656
13649 13660
13651 13655
13652 13661
13654 13670
13657 13678
13662 13668
13663 13685
13664 13679
13666 13669
13671 13681
13672 13691
13673 13693
13674 13690
13675 13686
13676 13698
13677 13695
13680 13696
13682 13700
13683 13701
13684 13688
13687 13708
13689 13699
13692 13707
13694 13704
13697 13710
13702 13717
13703 13722
13705 13724
13706 13728
13709 13726
13711 13721
13712 13715
13713 13718
13714 13719
13716 13738
13720 13732
13723 13741
13725 13739
13727 13748
13729 13745
13730 13742
13731 13740
13733 13744
13734 13755
13735 13737
13736 13752
13743 13747
13746 13751
13749 13753
13750 13766
13754 13773
13756 13758
13757 13762
13759 13760
13761 13765
13763 13777
13764 13776
13767 13775
13768 13789
13769 13788
13770 13779
13771 13783
13772 13790
13774 13784
13778 13794
13780 13797
13781 13802
13782 13793
13785 13792
13786 13796
13787 13795
13791 13808
13798 13818
13799 13806
13800 13804
13801 13813
13803 13812
13805 13826
13807 13810
13809 13815
13811 13827
13814 13829
13816 13836
13817 13823
13819 13821
13820 13831
13822 13833
13824 13825
13828 13842
13830 13838
13832 13851
13834 13844
13835 13850
13837 13839
13840 13857
13841 13863
13843 13846
13845 13862
13847 13849
13848 13859
13852 13864
13853 13867
13854 13858
13855 13866
13856 13860
13861 13882
13865 13868
13869 13890
13870 13881
13871 13892
13872 13884
13873 13888
13874 13876
13875 13886
13877 13896
13878 13883
13879 13891
13880 13902
13885 13887
13889 13906
13893 13901
13894 13908
13895 13913
13897 13904
13898 13900
13899 13907
13903 13905
13909 13910
13911 13917
13912 13930
13914 13926
13915 13933
13916 13919
13918 13922
13920 13929
13921 13923
13924 13927
13925 13946
13928 13947
13931 13951
13932 13942
13934 13949
13935 13945
13936 13940
13937 13944
13938 13939
13941 13960
13943 13963
13948 13961
13950 13959
13952 13967
13953 13969
13954 13958
13955 13966
13956 13970
13957 13973
13962 13976
13964 13965
13968 13980
13971 13981
13972 13986
13974 13984
13975 13995
13977 13999
13978 13979
13982 14001
13983 13985
13987 14003
13988 13992
13989 13996
13990 14002
13991 14000
13993 14007
13994 14008
13997 13998
14004 14006
14005 14018
14009 14016
14010 14023
14011 14029
14012 14021
14013 14022
14014 14034
14015 14036
14017 14024
14019 14041
14020 14027
14025 14043
14026 14046
14028 14049
14030 14045
14031 14032
14033 14035
14037 14040
14038 14060
14039 14050
14042 14044
14047 14055
14048 14063
14051 14065
14052 14066
14053 14059
14054 14068
14056 14074
14057 14069
14058 14077
14061 14067
14062 14080
14064 14073
14070 14092
14071 14083
14072 14078
14075 14096
14076 14086
14079 14093
14081 14082
14084 14098
14085 14101
14087 14109
14088 14106
14089 14103
14090 14111
14091 14102
14094 14116
14095 14114
14097 14112
14099 14105
14100 14120
14104 14126
14107 14129
14108 14115
14110 14130
14113 14124
14117 14132
14118 14119
14121 14139
14122 14123
14125 14127
14128 14150
14131 14135
14133 14136
14134 14144
14137 14152
14138 14158
14140 14159
14141 14148
14142 14154
14143 14145
14146 14147
14149 14157
14151 14162
14153 14155
14156 14160
14161 14172
14163 14167
14164 14165
14166 14177
14168 14175
14169 14176
14170 14181
14171 14182
14173 14183
14174 14185
14178 14199
14179 14180
14184 14200
14186 14206
14187 14209
14188 14208
14189 14210
14190 14192
14191 14198
14193 14204
14194 14207
14195 14213
14196 14218
14197 14216
14201 14202
14203 14211
14205 14220
14212 14215
14214 14217
14219 14224
14221 14237
14222 14226
14223 14243
14225 14228
14227 14249
14229 14250
14230 14238
14231 14232
14233 14254
14234 14252
14235 14256
14236 14258
14239 14242
14240 14253
14241 14257
14244 14259
14245 14251
14246 14262
14247 14269
14248 14255
14260 14272
14261 14277
14263 14278
14264 14266
14265 14286
14267 14279
14268 14270
14271 14288
14273 14280
14274 14292
14275 14290
14276 14296
14281 14302
14282 14287
14283 14289
14284 14291
14285 14307
14293 14315
14294 14301
14295 14298
14297 14312
14299 14314
14300 14321
14303 14308
14304 14326
14305 14317
14306 14310
14309 14325
14311 14323
14313 14332
14316 14322
14318 14319
14320 14330
14324 14327
14328 14329
14331 14347
14333 14344
14334 14346
14335 14340
14336 14341
14337 14345
14338 14353
14339 14358
14342 14343
14348 14364
14349 14369
14350 14371
14351 14355
14352 14373
14354 14372
14356 14374
14357 14376
14359 14378
14360 14366
14361 14377
14362 14380
14363 14385
14365 14368
14367 14381
14370 14384
14375 14393
14379 14389
14382 14395
14383 14399
14386 14403
14387 14396
14388 14392
14390 14411
14391 14405
14394 14410
14397 14404
14398 14414
14400 14407
14401 14412
14402 14420
14406 14424
14408 14422
14409 14416
14413 14433
14415 14426
14417 14438
14418 14439
14419 14437
14421 14436
14423 14427
14425 14430
14428 14440
14429 14441
14431 14453
14432 14454
14434 14443
14435 14450
14442 14464
14444 14445
14446 14468
14447 14459
14448 14461
14449 14460
14451 14458
14452 14462
14455 14476
14456 14467
14457 14465
14463 14471
14466 14469
14470 14484
14472 14489
14473 14486
14474 14495
14475 14482
14477 14478
14479 14497
14480 14493
14481 14503
14483 14500
14485 14505
14487 14501
14488 14502
14490 14494
14491 14511
14492 14507
14496 14506
14498 14520
14499 14513
14504 14522
14508 14521
14509 14517
14510 14514
14512 14533
14515 14534
14516 14526
14518 14537
14519 14529
14523 14524
14525 14543
14527 14544
14528 14540
14530 14547
14531 14553
14532 14554
14535 14556
14536 14557
14538 14548
14539 14559
14541 14560
14542 14551
14545 14564
14546 14550
14549 14563
14552 14573
14555 14561
14558 14578
14562 14580
14565 14585
14566 14575
14567 14588
14568 14569
14570 14590
14571 14582
14572 14583
14574 14589
14576 14594
14577 14596
14579 14587
14581 14593
14584 14595
14586 14607
14591 14610
14592 14606
14597 14611
14598 14618
14599 14604
14600 14605
14601 14609
14602 14620
14603 14608
14612 14631
14613 14622
14614 14617
14615 14629
14616 14636
14619 14633
14621 14638
14623 14627
14624 14640
14625 14647
14626 14630
14628 14649
14632 14641
14634 14650
14635 14656
14637 14644
14639 14661
14642 14658
14643 14655
14645 14666
14646 14654
14648 14651
14652 14667
14653 14670
14657 14677
14659 14673
14660 14668
14662 14678
14663 14664
14665 14685
14669 14682
14671 14690
14672 14693
14674 14696
14675 14689
14676 14695
14679 14694
14680 14700
14681 14702
14683 14692
14684 14686
14687 14698
14688 14699
14691 14705
14697 14712
14701 14708
14703 14704
14706 14728
14707 14713
14709 14720
14710 14715
14711 14726
14714 14733
14716 14717
14718 14737
14719 14724
14721 14736
14722 14730
14723 14738
14725 14742
14727 14745
14729 14748
14731 14751
14732 14753
14734 14746
14735 14752
14739 14756
14740 14755
14741 14760
14743 14754
14744 14762
14747 14758
14749 14765
14750 14767
14757 14779
14759 14781
14761 14782
14763 14778
14764 14777
14766 14776
14768 14771
14769 14770
14772 14784
14773 14792
14774 14775
14780 14790
14783 14796
14785 14805
14786 14808
14787 14803
14788 14810
14789 14797
14791 14798
14793 14811
14794 14795
14799 14813
14800 14812
14801 14823
14802 14819
14804 14825
14806 14828
14807 14809
14814 14815
14816 14834
14817 14826
14818 14837
14820 14831
14821 14841
14822 14827
14824 14832
14829 14845
14830 14835
14833 14853
14836 14844
14838 14840
14839 14842
14843 14862
14846 14851
14847 14867
14848 14866
14849 14860
14850 14859
14852 14873
14854 14861
14855 14868
14856 14875
14857 14864
14858 14871
14863 14880
14865 14882
14869 14877
14870 14874
14872 14879
14876 14883
14878 14896
14881 14891
14884 14890
14885 14902
14886 14889
14887 14909
14888 14894
14892 14907
14893 14899
14895 14904
14897 14911
14898 14901
14900 14912
14903 14925
14905 14926
14906 14908
14910 14921
14913 14915
14914 14932
14916 14919
14917 14934
14918 14931
14920 14923
14922 14943
14924 14928
14927 14929
14930 14948
14933 14955
14935 14949
14936 14937
14938 14959
14939 14957
14940 14946
14941 14954
14942 14961
14944 14950
14945 14965
14947 14960
14951 14972
14952 14956
14953 14958
14962 14983
14963 14968
14964 14984
14966 14985
14967 14970
14969 14982
14971 14986
14973 14976
14974 14975
14977 14998
14978 14994
14979 14993
14980 14992
14981 14997
14987 14995
14988 14990
14989 14999
14991 14996
