1028 1028
0 121
0 965
0 49
1 115
2 760
2 407
3 172
3 830
4 617
4 895
4 34
4 454
5 225
5 805
5 410
5 544
6 562
6 508
7 692
7 137
8 900
8 143
9 325
9 800
10 564
10 836
10 160
11 25
12 807
12 784
12 244
12 561
13 473
14 220
14 137
14 39
14 778
15 260
15 53
16 792
17 560
17 345
18 708
18 987
19 800
19 134
20 379
20 933
20 592
21 575
21 750
22 589
22 190
22 947
23 344
23 579
23 531
24 415
25 596
25 1027
26 183
27 678
27 31
28 491
28 711
28 706
29 302
30 799
31 477
31 75
32 203
32 346
32 368
33 502
33 732
33 478
34 510
34 311
34 757
34 986
35 687
35 141
35 119
35 597
36 500
36 537
37 982
37 918
38 183
39 78
40 743
40 649
41 704
41 988
41 787
42 454
42 413
43 531
43 843
44 615
45 275
46 81
46 619
47 357
47 220
48 282
48 853
48 995
48 847
48 548
49 74
49 608
49 404
50 373
51 184
51 556
52 672
52 642
52 817
53 484
53 907
53 227
54 551
54 759
55 767
55 987
55 737
56 475
56 343
56 767
57 409
57 621
57 728
58 768
58 776
58 102
59 424
60 533
61 536
62 282
63 585
63 546
63 735
64 926
65 709
65 666
66 782
66 686
67 120
67 172
68 314
69 281
69 395
70 873
70 900
71 493
71 500
72 897
72 622
73 419
75 595
76 459
77 515
77 226
78 216
78 920
79 130
80 237
80 540
80 682
80 235
80 697
82 935
82 607
83 196
83 658
84 762
85 496
85 958
85 996
85 550
86 507
87 753
87 289
88 188
89 430
90 388
90 918
90 261
91 195
91 210
91 971
92 886
92 141
93 111
93 394
93 525
93 546
94 261
94 325
95 103
95 156
96 486
96 822
96 817
97 600
98 670
99 127
100 658
100 885
100 346
101 647
101 883
101 190
102 924
102 126
104 204
104 299
104 209
104 130
105 398
106 799
107 904
107 521
108 675
108 712
108 870
108 811
109 413
110 537
112 348
112 561
113 133
113 267
113 256
113 547
114 247
114 960
114 741
115 273
115 751
115 1000
116 497
116 241
117 641
118 496
119 565
119 321
119 134
120 604
120 878
122 399
123 821
123 736
124 563
124 969
124 356
125 406
126 641
127 702
127 732
128 149
128 690
128 196
129 230
130 580
131 179
132 294
135 812
136 323
136 543
136 365
137 752
137 840
138 856
138 966
139 369
139 649
139 492
140 202
140 611
142 908
143 487
144 846
144 697
144 456
145 534
145 890
145 840
146 487
146 823
147 739
147 253
148 699
148 478
148 308
150 380
150 571
150 792
151 666
151 757
152 928
152 849
153 829
154 529
154 609
154 804
155 655
155 609
156 283
156 395
157 188
158 866
158 517
159 942
160 231
160 240
161 891
161 173
162 722
162 302
163 342
164 327
164 983
164 180
165 237
166 290
166 715
167 262
168 777
168 496
169 901
169 640
170 948
170 386
171 381
172 361
172 443
173 893
173 565
174 408
174 915
175 307
175 239
175 416
176 985
177 894
178 661
178 523
179 810
179 347
180 308
180 317
181 783
181 364
182 318
182 730
182 749
182 801
182 255
183 207
183 700
185 325
186 405
186 632
186 453
186 487
187 625
187 426
188 198
189 770
190 808
191 925
191 931
192 646
192 819
192 294
193 567
193 630
193 800
194 232
194 744
196 788
196 725
196 561
197 351
198 656
198 674
199 946
199 713
200 751
200 427
201 534
203 956
204 214
204 279
205 403
206 265
206 654
206 378
208 975
208 764
209 375
209 446
209 814
211 332
211 825
211 720
212 381
212 908
213 363
213 992
215 921
216 316
217 526
218 273
219 964
221 852
221 356
222 423
223 562
224 787
226 665
227 720
228 403
228 619
228 937
228 283
229 979
229 671
230 574
230 637
230 423
230 535
232 372
233 302
234 306
235 971
236 296
236 949
236 590
237 715
237 640
238 806
238 953
239 645
239 240
241 416
241 954
242 865
242 541
243 779
243 763
244 896
244 548
245 776
246 947
246 349
248 860
248 295
249 362
250 356
250 693
251 468
251 580
251 618
252 584
252 619
253 816
253 839
254 275
254 937
255 874
256 411
257 844
257 787
257 575
258 352
258 993
259 656
260 462
262 849
262 691
263 336
264 959
264 622
266 588
266 595
268 721
268 830
268 633
269 669
269 690
270 629
271 300
271 439
271 587
272 695
272 648
274 998
275 433
275 908
276 803
277 570
278 684
278 941
279 365
280 426
280 899
280 853
281 804
282 304
282 813
284 731
284 929
285 818
286 828
286 631
287 520
287 288
288 650
288 759
288 342
289 741
291 601
291 936
292 471
292 524
293 336
294 797
295 917
295 773
296 399
297 957
297 829
297 750
298 817
298 864
299 740
301 627
302 586
303 648
303 568
305 326
305 695
306 918
308 526
309 762
310 645
311 638
312 811
313 362
313 519
314 358
315 513
316 745
317 938
317 967
317 997
317 421
319 795
320 739
321 717
322 531
324 670
326 903
327 786
328 824
328 975
329 872
330 470
331 751
332 680
332 909
333 761
333 974
333 965
334 896
335 385
335 524
335 597
336 587
337 511
337 457
338 513
338 627
339 727
339 516
340 518
341 831
342 779
343 623
343 881
345 500
347 891
348 572
349 605
350 898
351 508
353 602
354 602
354 926
355 854
357 437
358 547
358 633
359 448
359 464
360 507
360 659
360 897
361 576
361 884
362 683
363 615
364 725
366 606
366 728
367 660
367 484
368 871
368 557
370 918
371 879
371 790
372 492
373 376
373 733
373 431
374 809
374 960
377 450
378 387
381 428
382 775
383 440
383 885
384 497
385 587
385 596
386 742
387 784
389 415
390 495
390 850
390 615
391 570
391 397
392 741
392 695
393 964
393 677
395 417
396 549
396 568
397 603
397 852
398 954
398 700
399 734
400 613
401 634
401 694
402 446
404 931
404 413
404 889
406 755
407 876
407 485
407 544
410 942
412 482
412 684
413 652
414 616
415 416
417 868
418 557
419 696
419 779
420 766
421 738
421 819
422 467
422 880
422 534
423 689
423 726
424 834
425 929
426 620
427 727
428 460
429 451
429 912
429 539
430 748
431 470
431 962
431 806
432 754
432 472
434 481
434 803
434 707
435 991
435 820
436 498
438 718
440 600
440 728
441 833
442 444
442 612
442 743
443 961
445 594
445 477
447 647
448 517
449 601
450 973
452 764
453 664
455 723
456 898
457 970
457 928
458 809
459 613
459 880
460 854
461 499
463 512
464 531
465 900
466 973
469 841
472 833
472 776
473 489
473 787
474 507
476 627
479 859
479 765
479 842
479 521
480 716
480 782
483 766
483 970
485 976
487 993
488 615
489 902
490 812
490 547
493 592
494 921
494 636
497 536
498 562
499 899
501 796
503 743
504 773
505 934
506 596
508 655
509 749
512 825
513 887
514 902
516 583
516 963
516 599
517 818
517 968
518 919
519 839
519 905
519 621
520 701
521 681
522 551
523 704
524 798
524 622
525 771
527 558
527 572
528 950
530 667
532 730
533 881
535 593
537 792
537 702
538 989
539 996
540 773
541 641
541 921
542 560
544 949
545 867
545 682
547 889
548 875
548 843
550 950
552 701
553 989
554 631
554 611
555 911
556 736
557 616
559 866
562 595
562 831
562 922
562 952
566 869
568 882
568 999
569 747
573 951
573 772
577 698
578 701
579 984
580 653
581 966
582 927
586 724
586 731
590 819
591 910
591 825
592 723
592 862
592 923
593 756
593 643
597 863
598 790
599 848
603 644
603 735
605 793
605 733
607 711
610 956
611 772
611 618
614 774
614 930
614 770
616 795
616 915
616 809
617 855
618 944
618 794
618 902
624 833
626 723
627 770
628 923
629 700
629 907
631 796
633 764
633 642
635 992
636 883
639 648
643 753
648 758
649 714
650 718
651 933
652 894
654 913
657 719
657 815
657 882
662 914
663 717
665 886
666 729
666 911
667 897
668 686
668 763
668 697
669 706
670 715
671 829
672 780
673 761
674 995
676 864
677 842
679 899
681 864
682 770
685 969
688 955
688 952
691 847
693 928
694 874
694 998
694 910
698 720
700 981
703 711
704 790
705 893
707 865
710 785
711 978
711 892
713 781
713 815
714 868
717 898
719 791
719 926
720 842
725 837
727 919
736 945
737 994
737 982
742 781
744 920
745 838
745 939
746 896
747 772
748 899
750 992
754 877
755 809
758 826
762 983
765 953
767 888
769 932
772 832
772 823
775 864
775 804
778 905
779 990
785 842
787 841
789 792
790 858
794 848
797 989
797 940
799 915
800 992
802 927
811 981
815 820
820 977
827 961
828 927
832 857
833 861
833 941
834 841
835 866
845 916
851 989
852 940
854 916
856 985
863 906
869 905
872 934
872 931
892 943
893 972
906 943
909 980
914 934
928 932
929 982
936 984
945 949
949 966
950 959
960 973
1000 1001
1001 1002
1002 1003
1003 1004
1004 1005
1005 1006
1006 1007
1007 1008
1008 1009
1009 1010
1010 1011
1011 1012
1012 1013
1013 1014
1014 1015
1015 1016
1016 1017
1017 1018
1018 1019
1019 1020
1020 1021
1021 1022
1022 1023
1023 1024
1024 1025
1025 1026
1026 1027
