2000 1999
0 275
1 662
1 253
2 1165
3 569
3 1102
4 88
4 1425
5 1735
6 1992
6 182
7 1140
7 1706
7 1389
8 1145
8 1965
9 1733
9 785
10 1633
10 1756
11 464
11 1314
11 1107
12 1643
13 938
13 388
14 1564
15 1420
15 363
16 1968
16 1529
17 267
17 1026
17 210
17 1551
18 122
18 1923
19 1303
19 868
20 1270
20 1734
20 715
21 55
21 1611
22 928
22 810
23 129
24 522
25 400
25 1085
25 1256
26 241
27 1530
27 1116
28 1014
29 645
29 1090
29 1855
29 72
30 1558
31 94
31 62
31 793
32 920
33 967
34 643
34 927
35 922
35 666
36 461
36 813
37 935
37 1371
37 1980
37 352
38 1403
38 127
39 1334
40 906
40 336
41 1259
41 1655
42 732
42 1289
42 833
43 1616
43 63
44 191
44 1267
44 884
44 1209
45 118
45 52
46 777
47 1223
47 1820
48 705
48 638
49 1391
49 1661
49 241
50 913
50 1508
51 1615
52 1330
53 1495
53 211
54 429
55 81
56 389
56 1023
57 587
57 1647
58 69
58 1829
59 147
59 343
59 303
60 374
60 961
61 1096
61 1836
62 117
62 767
62 1353
62 1863
63 1285
64 192
65 1339
65 1596
66 631
66 1723
67 1088
67 907
68 999
70 298
70 1916
70 1760
71 1399
71 1012
72 299
72 1099
73 1711
74 1158
74 754
75 798
76 881
76 774
77 839
77 1209
78 886
79 1244
80 656
80 832
81 1113
81 650
82 969
82 640
82 871
82 720
83 1494
83 1073
84 628
84 670
85 1561
86 1571
87 264
87 1911
89 376
89 132
89 615
90 912
91 1905
91 108
92 1753
92 382
92 113
93 1083
93 1695
94 161
95 545
96 1993
96 1937
97 796
97 1756
97 1610
98 449
98 1887
99 323
99 275
99 1072
100 1477
101 1773
101 345
102 1269
102 1662
103 1642
104 1955
104 1125
105 468
106 1541
106 1013
107 1210
108 1304
109 1935
110 209
111 1846
112 650
113 1657
114 514
114 1641
114 275
115 547
115 1107
116 1111
116 1156
119 786
119 1966
119 1091
120 787
120 309
120 1881
121 1108
123 1884
123 1204
124 1866
124 1887
124 1853
125 1804
126 780
127 1416
128 816
128 131
129 1405
130 443
131 1372
131 187
131 265
132 1177
133 480
133 1485
134 1984
135 864
136 535
136 1294
137 727
137 1345
138 1719
138 1009
139 625
139 217
140 1766
140 1173
140 925
141 1486
142 594
142 865
142 727
143 1356
143 1461
144 636
144 627
144 1758
145 1265
145 1493
146 1467
146 1563
148 822
148 1799
148 1540
148 1486
148 1667
149 832
149 1751
149 1626
150 1571
150 1669
151 1080
152 454
153 1266
153 279
153 1767
153 1431
154 1564
155 896
156 804
156 1041
156 997
156 826
157 671
157 1042
158 1923
159 1015
160 1895
160 1312
160 1751
161 437
162 1865
162 947
163 1132
164 477
165 707
166 738
166 1679
167 1056
167 1434
167 911
168 472
169 1386
170 639
170 1777
171 1560
171 1964
172 448
173 970
173 272
174 1217
174 1753
175 1914
175 618
176 1558
177 346
177 898
178 1319
178 1774
179 941
180 1950
181 593
182 1254
182 875
183 575
183 1542
184 1894
184 1733
185 917
185 1073
185 552
185 1840
185 1894
186 885
186 1304
186 1868
187 597
187 1097
187 870
188 1220
188 501
189 1897
190 1414
190 823
192 622
192 870
193 852
194 1715
195 353
195 454
196 1876
197 952
197 1904
197 309
198 1139
199 664
199 838
200 1888
201 1045
201 1525
202 889
202 1950
202 817
203 1907
203 1662
203 1117
204 208
204 1824
204 1956
205 644
205 425
206 684
206 315
206 1287
206 1725
206 468
207 1315
209 380
210 1135
210 995
211 1995
211 1504
212 1288
213 903
213 1017
213 656
214 1927
214 265
215 1482
216 981
216 305
217 466
218 1315
218 1452
219 1463
219 418
220 1080
220 1611
221 356
221 1658
221 1851
222 713
222 519
223 1761
224 663
224 1632
225 607
226 247
227 1215
227 1862
228 933
228 512
229 1521
230 1857
230 378
231 1684
231 1326
232 681
233 702
233 696
233 596
234 698
234 1070
234 937
235 846
235 1691
236 1122
236 923
237 492
237 805
237 1241
238 1645
238 990
239 1652
239 1752
240 1599
240 885
241 1598
241 1839
241 1255
242 1517
242 543
243 1834
244 434
244 883
245 1972
245 1683
246 1477
247 1993
248 1456
249 1647
249 1077
249 304
250 1025
251 1917
252 1510
252 1836
253 798
253 1369
254 1980
255 864
256 1028
256 1412
256 283
257 790
257 1982
258 601
258 897
258 707
258 1177
259 1909
259 1088
260 1982
260 1207
261 1039
262 1360
262 1833
263 1699
264 489
264 1870
265 422
266 520
266 1305
266 1505
266 303
266 524
267 516
268 618
268 1036
269 1864
270 1372
271 388
272 347
273 1152
273 1857
274 621
276 948
276 694
277 1001
277 1187
278 581
279 1329
280 1203
281 1993
282 1594
282 1830
283 1409
283 332
283 1594
284 1562
284 1984
285 1807
286 1022
287 1200
287 1126
288 1733
289 1306
289 1682
290 1327
290 1117
291 1926
292 1034
293 805
294 1206
295 1747
296 726
296 850
297 793
297 1794
299 734
300 983
301 1027
301 1696
302 497
303 583
303 1491
303 850
303 843
304 1043
304 1937
305 791
306 1300
306 1979
306 469
307 1523
308 1633
310 827
311 1741
311 1323
311 1625
312 848
313 1361
314 354
315 1284
316 751
317 1123
318 518
318 982
319 361
319 1288
319 1297
320 1807
321 936
321 1935
321 409
322 1439
323 1100
324 815
324 852
325 1133
325 1523
326 673
326 755
326 1047
327 819
327 1802
328 742
328 912
329 1588
330 1381
331 862
331 1758
331 1414
332 1811
333 1975
333 517
334 1511
335 359
335 1066
336 1038
337 1546
337 1583
337 1863
338 761
338 1436
339 1499
339 1783
340 767
341 971
341 1865
342 672
342 1123
342 412
342 1066
343 1039
344 679
344 1644
344 1116
345 395
345 1537
345 1993
347 992
347 956
348 394
348 1700
348 920
349 1359
350 1041
351 856
351 1384
351 528
352 821
352 1784
352 1667
353 1418
354 1298
354 423
354 583
355 1716
355 1047
357 1594
358 1886
358 716
360 693
360 1240
361 772
362 590
362 1127
363 1903
363 1999
364 1362
364 1730
364 1571
365 1720
366 570
366 982
367 1299
367 1589
368 805
369 758
370 593
370 1763
371 1554
371 1513
372 1002
373 1500
375 1212
375 1109
377 631
378 667
378 1569
379 1440
380 1737
381 1259
382 1233
382 1826
383 1481
383 1708
384 1118
384 490
385 711
385 529
386 1934
386 1634
387 1214
388 1611
388 551
388 1967
389 1875
390 1184
391 806
392 1325
393 1731
393 1357
396 1028
397 900
397 1008
398 464
399 524
399 835
401 1861
401 819
402 1578
403 408
404 1087
404 736
405 1105
406 1884
407 1214
407 1046
407 1890
408 1102
408 1457
409 539
409 758
410 882
410 1628
410 1825
410 1224
411 939
411 1756
412 834
412 1438
413 1761
414 1122
415 475
416 1881
416 1750
417 1485
417 783
417 1140
418 535
419 1655
419 581
420 505
420 1359
420 1141
420 676
421 890
421 1174
422 1470
422 1979
423 1325
423 1622
424 828
425 1109
425 1081
425 485
426 1052
427 1575
427 623
427 1081
428 719
428 1977
429 704
430 1950
431 1735
432 1183
433 1845
433 925
434 792
434 1593
435 723
436 879
436 973
436 548
437 1849
438 1610
438 1386
439 1869
439 1006
439 1021
440 1194
440 1607
441 994
441 1465
442 940
443 1829
443 1399
444 1863
445 848
445 873
445 1742
445 1317
446 551
447 1125
447 1094
448 1350
449 1462
450 501
450 581
450 1825
451 752
451 1998
452 1407
452 1152
453 1122
454 818
455 1789
455 529
456 1247
457 764
457 1072
458 1055
458 1159
459 1960
460 1445
460 1459
461 733
462 1437
462 488
463 1493
465 1229
465 799
466 813
467 785
468 1040
469 1495
470 589
470 1301
471 1604
472 1755
473 1680
474 1841
474 482
475 1515
475 803
476 1955
477 818
477 1013
478 1419
478 995
479 1814
480 968
481 989
481 1828
481 871
482 1679
483 1921
484 1516
485 1814
486 1049
487 1657
488 640
490 1608
491 1062
492 820
493 1572
493 1989
494 1130
494 963
494 693
495 1592
496 1619
496 1710
497 1301
497 502
498 1149
499 1260
499 822
500 1447
500 1728
502 1723
502 1605
502 1439
503 620
503 684
504 1216
504 1446
504 843
506 1367
506 517
507 1527
507 1311
508 1606
508 1559
508 1608
509 872
510 1945
511 661
511 550
512 1124
512 1912
512 1956
512 1407
513 1523
513 1635
513 1704
515 1902
515 1747
515 1605
516 827
517 1303
518 1157
518 1990
519 1842
520 777
521 985
522 617
522 674
522 979
522 1550
522 1287
523 1781
525 1965
525 834
526 746
527 1066
527 853
528 1464
528 845
528 1923
529 1973
530 1211
530 1413
530 1697
531 1705
531 1617
531 1775
532 1879
532 1667
532 753
533 1621
533 1919
533 1627
534 1500
534 641
536 1810
536 940
537 1167
538 1135
540 1927
541 1737
541 1634
542 1033
543 1401
544 1395
544 1463
545 950
545 1381
546 1059
546 626
546 1006
547 1552
547 1461
547 1451
548 1262
548 1292
548 1985
549 846
550 785
550 951
551 683
551 1608
552 1139
552 1074
553 1602
553 562
553 847
553 573
554 1754
554 1045
555 993
556 951
556 1630
557 1665
558 682
558 722
558 666
559 1629
559 637
560 1873
560 1415
560 887
561 730
562 1715
562 1040
563 1338
563 1991
564 1410
564 1239
565 848
566 708
567 1079
567 1416
567 814
568 605
568 1687
568 1301
570 1401
571 1524
571 1406
572 925
572 982
573 983
574 1106
575 660
575 1219
576 932
576 1977
576 1917
577 1276
578 1129
578 1076
579 1610
580 1679
580 947
581 1653
582 1254
584 678
585 938
586 1228
588 1859
588 1984
588 1052
588 1514
591 1099
591 1779
592 1196
594 669
595 1271
595 1328
595 1289
596 1703
596 1522
598 1635
599 1128
600 1632
601 1232
602 1153
602 916
602 1396
603 691
603 931
604 1743
605 1062
605 1084
605 1164
605 1352
606 915
606 1032
607 1116
607 1976
608 1776
608 1337
609 1672
610 811
610 855
610 652
611 789
611 638
611 1418
612 1363
612 886
613 1489
613 1967
613 1425
614 901
614 1556
615 1669
616 1906
618 926
619 1683
619 1049
620 1244
621 1114
621 1720
621 1855
622 1388
623 1762
624 717
624 1104
625 1313
625 1458
625 1822
626 1424
627 802
628 1231
629 1213
629 824
629 951
630 1190
630 926
632 1932
633 1378
634 739
634 1538
635 807
635 1878
637 1649
637 895
638 1487
640 1908
641 801
641 1505
642 1092
642 855
644 976
646 1529
646 1988
647 1340
647 1681
648 1235
648 1795
648 1900
649 1183
649 1423
649 1940
649 1872
650 1162
651 1544
652 722
653 1547
654 1310
654 1858
654 1820
655 1179
655 921
657 780
657 1351
658 813
658 1008
659 699
659 1016
662 1674
664 1067
665 1279
666 1584
666 1639
666 1488
666 1607
668 705
670 1607
670 1173
671 941
671 1295
675 1787
675 1878
675 1292
676 1847
676 1890
677 1080
678 1949
680 975
680 1229
681 1344
683 1764
685 1327
686 1457
687 887
687 1591
688 829
688 1763
689 1574
689 795
690 844
690 1277
690 1763
692 1438
693 986
693 1382
693 1890
693 1947
694 1228
694 1926
695 1681
695 1603
696 988
697 1953
697 1089
698 1031
700 970
701 905
701 1357
703 708
703 862
704 957
704 1872
706 791
707 838
709 1630
710 888
710 864
710 1346
710 1896
712 1544
712 786
714 1495
715 1869
716 877
717 1680
718 1044
720 1743
721 1240
723 1889
723 1120
724 884
725 1673
726 1404
726 990
728 1210
728 1782
728 1248
729 1997
730 1387
730 1553
731 1646
731 1005
735 1278
735 1010
736 1077
737 1472
738 1218
739 902
740 1948
740 1929
741 1965
743 1443
744 1036
745 1942
745 1899
746 1388
747 1061
747 1824
748 873
749 1115
750 1704
751 1383
751 1115
753 984
753 1209
753 1021
753 1226
754 1769
754 861
755 1475
756 1291
757 1633
758 1906
758 1949
758 824
759 1423
760 1057
761 1131
762 923
763 1600
763 1302
765 1024
765 1172
766 1328
768 808
769 1382
770 1179
771 1645
772 1521
773 1685
773 921
773 1537
774 1037
774 1138
774 1651
775 1609
775 1535
776 954
776 1909
777 1156
778 1018
778 1627
778 1652
779 1943
779 1577
779 1053
781 1292
782 873
783 1576
783 1686
784 1654
784 1820
784 1736
786 1760
788 1510
791 1256
794 1793
795 934
797 1389
797 1187
797 1936
797 1067
798 912
798 1877
798 1774
799 1979
800 1604
800 1958
801 1180
803 1149
805 1853
806 1543
806 1468
808 1923
809 1910
809 1563
810 1712
812 1523
813 886
813 1726
814 1155
816 1181
817 1104
817 1330
818 1149
820 1815
821 1155
823 929
823 1976
823 1989
823 1466
824 1274
825 1156
826 1261
828 1148
829 1711
830 1799
831 1741
833 1477
835 1148
836 1093
836 1060
836 1234
837 1058
837 1919
840 1678
841 1569
841 1923
842 1450
842 1076
842 1110
844 1448
845 1120
845 1987
846 1103
847 1937
849 1970
851 1844
852 1167
853 1397
853 1522
854 943
857 1695
858 1777
859 1390
859 1709
860 1005
860 1752
861 1514
861 1415
862 1121
863 1781
864 1094
865 1755
866 1994
867 1597
868 1098
868 1507
869 1441
870 1466
871 1197
872 1710
872 1987
873 1526
874 1275
875 1253
876 1750
876 1745
877 1239
878 1042
879 949
880 1378
880 1124
883 1230
884 1796
884 1765
886 894
886 1581
891 1136
891 1865
892 1380
893 1836
895 1030
896 1211
897 1430
897 1585
898 1614
898 1185
899 1108
899 1743
901 1280
902 1814
904 1920
905 1675
905 1837
906 1345
907 1360
908 1186
908 1190
909 1036
909 1200
910 1363
911 1742
913 1806
914 1376
914 1638
914 1620
916 1357
916 1369
917 1221
918 1668
918 1072
919 1023
920 1678
920 1269
921 1013
923 1421
923 1095
924 1253
926 1960
927 1785
928 1101
930 1941
930 1869
931 1842
933 1193
934 1645
937 1836
938 1743
940 1078
942 1661
943 1153
944 1602
945 1694
945 1230
946 1746
946 1705
947 1335
951 1503
953 1715
955 1121
956 1045
958 1770
958 1047
959 1807
960 1206
960 1279
960 1050
960 1026
961 1715
962 1407
963 1226
964 1094
965 992
966 1572
967 1090
972 1102
974 1554
976 1160
977 1036
978 1722
980 1444
980 1958
981 1748
982 1648
983 1856
983 1424
985 1196
985 1745
985 1574
987 1634
987 1486
990 1785
991 1776
992 1749
993 1933
994 1385
994 1871
995 1763
996 1735
996 1454
997 1794
998 1236
999 1592
999 1964
1000 1596
1001 1011
1002 1954
1003 1464
1004 1817
1006 1699
1007 1072
1007 1178
1008 1170
1008 1779
1008 1297
1009 1527
1010 1224
1010 1772
1012 1441
1013 1440
1014 1128
1015 1577
1016 1848
1016 1215
1019 1996
1019 1853
1020 1773
1022 1614
1023 1305
1024 1671
1025 1426
1025 1828
1026 1286
1026 1065
1029 1921
1029 1141
1030 1387
1032 1259
1033 1203
1034 1601
1035 1896
1038 1454
1039 1954
1040 1396
1042 1944
1043 1922
1043 1247
1044 1807
1044 1630
1046 1693
1047 1469
1047 1765
1048 1168
1049 1816
1050 1665
1051 1126
1052 1519
1052 1923
1053 1316
1053 1794
1054 1545
1054 1731
1057 1950
1058 1695
1060 1952
1063 1155
1064 1094
1065 1436
1065 1532
1068 1894
1069 1307
1069 1984
1071 1768
1071 1349
1074 1508
1075 1867
1075 1721
1077 1939
1078 1169
1078 1312
1082 1422
1082 1612
1082 1672
1082 1441
1082 1668
1086 1373
1087 1704
1089 1969
1089 1577
1091 1708
1092 1333
1093 1596
1095 1999
1096 1933
1098 1892
1099 1915
1100 1364
1101 1381
1102 1891
1105 1812
1106 1617
1107 1280
1108 1379
1110 1623
1110 1924
1111 1146
1111 1202
1111 1361
1112 1590
1112 1321
1114 1245
1114 1547
1114 1402
1115 1659
1115 1869
1117 1395
1119 1201
1120 1842
1126 1154
1126 1582
1127 1394
1128 1264
1128 1776
1129 1171
1131 1496
1132 1347
1132 1504
1132 1390
1134 1730
1137 1975
1139 1781
1142 1771
1142 1508
1143 1987
1144 1930
1144 1473
1145 1535
1147 1452
1147 1429
1147 1307
1148 1290
1150 1862
1151 1675
1158 1354
1159 1457
1161 1335
1163 1895
1165 1663
1165 1530
1166 1531
1166 1473
1167 1487
1168 1400
1168 1651
1168 1800
1169 1520
1169 1294
1170 1682
1171 1321
1172 1649
1174 1221
1175 1439
1175 1529
1176 1227
1176 1317
1178 1747
1182 1870
1184 1970
1184 1197
1185 1238
1185 1252
1185 1888
1185 1641
1186 1707
1186 1801
1187 1408
1187 1844
1188 1736
1188 1802
1188 1421
1189 1986
1190 1931
1190 1974
1191 1231
1192 1986
1195 1265
1196 1273
1196 1834
1198 1593
1199 1631
1199 1551
1201 1825
1203 1776
1204 1915
1205 1409
1207 1610
1208 1355
1209 1525
1209 1613
1215 1411
1217 1506
1220 1258
1222 1335
1223 1657
1225 1689
1225 1951
1225 1290
1225 1850
1230 1709
1232 1322
1234 1290
1236 1623
1237 1734
1239 1589
1239 1429
1240 1618
1240 1554
1241 1511
1241 1808
1241 1748
1242 1829
1243 1886
1246 1252
1247 1708
1248 1515
1249 1790
1249 1447
1250 1775
1250 1900
1250 1476
1251 1453
1251 1857
1253 1955
1254 1417
1255 1835
1255 1418
1256 1854
1257 1653
1261 1807
1263 1565
1263 1724
1268 1301
1269 1490
1272 1537
1273 1712
1274 1587
1274 1778
1275 1622
1276 1342
1276 1646
1277 1555
1281 1800
1281 1499
1282 1766
1283 1759
1285 1992
1288 1477
1291 1592
1293 1628
1296 1362
1297 1832
1301 1882
1302 1759
1302 1534
1304 1468
1308 1405
1308 1497
1309 1772
1311 1980
1314 1880
1314 1971
1317 1632
1317 1716
1318 1709
1319 1386
1320 1882
1321 1472
1323 1393
1323 1460
1323 1553
1324 1830
1326 1879
1328 1427
1328 1722
1329 1666
1330 1481
1331 1864
1332 1479
1333 1636
1334 1994
1334 1985
1335 1720
1336 1928
1336 1668
1337 1505
1338 1459
1341 1849
1343 1376
1344 1857
1346 1493
1348 1721
1349 1917
1349 1833
1350 1932
1351 1567
1351 1406
1352 1601
1353 1791
1354 1507
1355 1528
1356 1883
1358 1412
1361 1864
1365 1463
1366 1765
1367 1368
1369 1702
1370 1592
1371 1538
1373 1396
1374 1973
1375 1709
1375 1517
1377 1655
1380 1664
1380 1558
1383 1961
1388 1752
1392 1624
1394 1910
1395 1542
1395 1471
1398 1999
1399 1637
1399 1497
1402 1740
1405 1435
1406 1443
1406 1673
1410 1761
1415 1425
1428 1885
1431 1701
1432 1502
1432 1838
1433 1904
1434 1568
1436 1498
1436 1932
1438 1854
1439 1698
1442 1624
1442 1756
1446 1998
1449 1563
1449 1840
1450 1738
1451 1983
1454 1653
1455 1491
1456 1879
1457 1802
1458 1697
1461 1777
1464 1846
1465 1813
1465 1699
1466 1788
1470 1677
1470 1817
1471 1819
1473 1728
1474 1796
1476 1991
1478 1568
1479 1690
1479 1805
1480 1622
1482 1830
1482 1974
1483 1558
1483 1993
1484 1808
1488 1872
1490 1957
1491 1692
1491 1805
1492 1738
1493 1551
1494 1548
1497 1603
1500 1918
1501 1508
1502 1714
1509 1557
1509 1869
1512 1691
1512 1698
1513 1802
1516 1966
1518 1899
1518 1986
1522 1897
1522 1818
1524 1876
1525 1696
1528 1928
1529 1816
1532 1533
1533 1718
1533 1938
1534 1745
1536 1551
1538 1833
1539 1602
1540 1827
1540 1901
1549 1654
1553 1688
1555 1615
1556 1851
1559 1798
1561 1996
1564 1588
1566 1980
1570 1892
1573 1742
1575 1650
1578 1925
1579 1643
1580 1850
1582 1995
1586 1991
1586 1950
1588 1861
1589 1732
1590 1973
1591 1871
1595 1724
1595 1919
1597 1862
1599 1874
1600 1630
1602 1727
1604 1925
1613 1885
1615 1997
1617 1786
1620 1763
1624 1648
1625 1871
1626 1742
1632 1929
1633 1852
1636 1669
1639 1913
1640 1656
1642 1751
1643 1993
1653 1660
1656 1660
1659 1832
1665 1868
1669 1780
1670 1945
1670 1821
1673 1731
1676 1924
1676 1898
1688 1862
1701 1864
1703 1836
1709 1728
1713 1995
1715 1838
1717 1981
1721 1964
1721 1999
1723 1920
1725 1851
1729 1733
1735 1843
1739 1789
1744 1792
1744 1841
1756 1981
1757 1937
1772 1840
1778 1793
1783 1992
1797 1911
1803 1870
1804 1910
1806 1911
1809 1936
1812 1896
1812 1983
1816 1831
1818 1915
1821 1895
1823 1901
1828 1959
1834 1926
1840 1978
1843 1958
1850 1966
1860 1881
1869 1962
1883 1893
1888 1946
1896 1985
1898 1952
1934 1963
1944 1986
1944 1988
1944 1989
