1000 999
96 582
969 582
629 582
592 582
47 592
450 629
443 96
151 969
660 450
960 96
130 629
316 960
778 969
928 96
583 130
305 592
707 960
970 450
868 707
428 707
716 707
426 629
571 151
64 928
336 969
415 443
353 582
622 629
911 778
224 426
138 582
420 716
506 622
296 970
646 592
781 969
227 305
758 969
44 928
633 716
589 316
896 960
593 969
247 151
385 420
862 868
4 385
42 911
572 47
146 96
828 305
345 828
530 928
677 778
764 443
753 960
352 305
975 970
73 758
377 42
834 911
835 896
317 64
32 4
372 296
915 372
761 247
973 572
700 677
999 247
465 305
565 911
574 352
698 565
161 589
293 835
193 443
125 565
464 317
111 970
25 862
745 633
916 571
452 975
498 778
878 506
485 745
853 32
367 372
37 592
258 915
382 42
550 970
424 975
760 758
867 835
618 452
769 862
253 317
233 716
276 916
594 424
605 452
615 138
435 450
275 550
717 146
328 916
177 583
158 716
710 896
155 42
243 633
663 227
159 25
966 377
541 589
740 424
300 572
416 975
50 227
821 834
356 541
739 247
462 758
166 465
637 47
513 276
823 615
218 506
98 247
440 594
523 853
580 740
454 853
20 541
895 740
238 44
805 618
687 781
267 224
989 550
349 138
72 853
220 565
143 618
149 356
388 238
359 878
394 440
704 37
194 593
427 973
733 928
940 138
796 835
881 745
468 571
908 593
451 468
558 835
579 143
369 443
951 218
857 707
99 821
799 99
597 218
206 589
89 764
979 155
433 316
748 687
449 238
535 388
112 218
655 233
945 427
621 896
683 535
985 908
656 420
569 760
738 753
33 535
520 275
693 523
554 450
786 778
265 700
269 786
337 149
726 569
219 594
226 349
549 394
887 275
294 73
405 427
302 111
894 867
212 740
324 462
292 269
507 554
919 655
643 193
185 821
595 704
727 372
967 945
996 966
379 550
690 523
326 823
311 253
997 828
542 834
528 89
153 177
255 911
713 738
299 799
114 233
248 227
322 507
718 687
736 704
410 296
515 973
947 589
688 781
496 311
393 143
70 542
181 895
587 443
623 233
103 394
816 646
873 887
532 799
179 255
176 193
251 677
365 945
492 98
0 778
165 707
551 915
198 468
61 605
55 275
215 551
818 394
1 206
278 574
724 337
942 724
619 37
172 238
788 176
842 181
429 513
792 300
856 868
968 821
903 149
171 911
371 316
827 451
287 248
578 50
211 324
335 47
85 868
519 464
644 834
776 416
875 736
354 979
972 700
480 875
339 571
826 513
101 700
127 72
391 565
342 532
763 322
196 597
493 915
386 181
320 149
766 98
901 427
855 339
303 4
223 454
610 945
261 862
229 733
358 970
581 61
113 868
168 979
607 968
669 558
139 646
793 718
955 138
508 251
658 300
34 388
404 868
685 972
956 443
521 928
355 416
221 916
332 727
169 248
373 972
445 161
26 0
839 862
674 551
953 855
87 618
829 583
860 878
237 973
244 748
711 857
54 674
935 960
494 867
217 549
363 305
312 50
184 339
56 860
82 894
841 855
749 839
642 326
182 385
301 220
798 185
38 440
882 769
961 637
439 595
495 565
446 179
632 322
65 916
939 445
614 185
284 532
567 229
3 928
93 615
603 20
755 4
843 960
626 302
566 50
958 426
12 394
469 386
250 623
512 805
719 44
657 212
819 945
67 614
735 485
904 816
343 296
488 296
48 103
210 452
228 439
115 143
197 749
31 881
886 25
768 223
160 317
398 3
848 125
167 335
327 738
376 358
672 713
712 388
560 211
795 541
927 513
830 25
682 916
612 332
601 607
920 969
536 532
817 372
905 238
444 753
368 146
902 622
777 146
547 579
187 215
636 901
981 316
588 515
66 580
147 300
746 951
323 177
347 33
304 656
289 829
965 826
209 420
559 724
88 541
107 559
279 523
983 32
673 371
923 996
308 112
472 365
837 155
941 12
459 177
384 294
709 416
174 147
422 443
885 578
116 826
132 38
407 312
202 158
401 454
598 372
888 446
28 716
180 495
245 82
720 151
17 967
35 269
917 345
256 169
556 842
273 382
879 488
357 755
639 35
417 444
576 519
743 496
129 73
918 273
737 386
824 223
164 293
661 194
510 44
162 551
590 967
954 303
889 713
691 580
123 494
148 38
484 198
190 623
75 265
315 253
77 753
584 38
608 300
76 881
575 513
774 795
779 956
822 480
634 373
438 569
992 179
321 853
351 567
750 940
225 623
447 196
281 508
482 817
715 707
514 581
140 867
234 480
23 739
944 465
714 352
553 352
274 882
925 138
448 345
540 634
95 88
203 184
505 161
986 894
277 572
62 519
40 469
74 792
83 672
58 738
290 250
807 85
962 579
686 655
874 244
847 210
609 999
525 95
201 48
319 842
650 793
679 559
297 945
366 40
200 469
909 407
189 324
36 210
654 588
471 293
489 753
142 123
931 114
408 968
43 618
696 593
877 74
69 196
268 385
397 727
624 608
400 769
126 243
934 494
952 391
431 335
803 20
71 123
477 294
725 277
461 888
891 61
914 895
387 277
938 989
63 316
666 302
205 862
791 127
270 928
188 273
314 267
467 793
703 727
784 26
861 352
249 724
929 83
573 848
380 874
546 444
21 464
110 523
163 114
876 580
524 634
978 634
490 677
906 712
456 582
334 686
348 745
430 966
306 426
309 355
854 61
625 805
912 719
6 308
453 276
651 925
800 26
797 353
124 885
425 388
436 819
833 436
538 985
684 408
849 677
980 359
977 265
282 281
907 610
668 171
325 218
122 726
13 34
933 320
631 673
838 223
630 269
192 351
231 153
604 743
434 371
543 184
11 535
533 573
662 453
790 107
548 556
204 581
383 738
175 305
145 485
751 337
993 302
232 204
86 521
481 590
723 146
199 553
517 245
2 726
27 798
470 11
374 225
780 977
262 447
421 755
214 749
100 781
757 835
395 803
932 212
97 125
288 839
254 278
10 110
773 553
39 803
959 718
330 524
599 217
18 485
870 400
702 436
695 148
921 737
457 925
681 712
318 608
173 571
134 215
836 319
936 124
814 886
476 875
14 918
24 661
880 909
526 580
222 593
80 626
721 885
741 190
675 299
135 885
815 83
708 166
340 942
527 567
987 758
697 113
84 721
767 997
60 452
845 415
892 932
406 212
119 892
701 37
329 519
120 740
647 254
213 589
884 38
641 228
537 685
257 916
851 113
106 428
640 965
350 622
706 250
45 579
730 454
437 495
810 95
772 587
402 962
392 524
946 551
291 99
844 38
676 677
375 578
295 95
418 162
518 935
360 583
105 549
782 374
900 243
898 817
678 622
840 662
333 50
264 315
216 32
157 158
285 308
403 205
866 788
195 461
964 681
998 61
811 668
846 495
994 908
765 938
466 965
863 725
57 37
747 482
141 380
170 559
645 763
509 981
128 799
183 498
283 488
871 367
51 645
899 621
785 554
483 469
497 542
266 496
638 4
794 662
568 467
310 625
943 815
241 625
617 426
752 882
280 276
152 923
432 323
937 142
744 1
699 748
313 237
399 42
475 142
272 386
458 339
922 784
15 88
728 61
689 784
809 492
802 519
734 276
613 192
286 778
957 343
516 302
787 269
659 788
102 50
648 853
754 510
412 666
30 584
570 641
396 366
596 89
926 632
924 291
81 779
338 677
419 253
344 903
91 523
16 601
544 845
545 176
529 284
770 494
389 177
963 541
346 444
694 415
858 408
409 422
463 492
664 456
208 739
910 556
869 492
591 204
486 472
131 599
722 318
539 254
930 168
479 999
271 63
29 82
117 318
806 399
808 375
671 257
92 360
474 62
108 434
801 608
413 38
667 125
864 736
460 343
52 809
154 686
68 584
783 304
361 202
252 310
762 424
534 12
46 296
564 322
562 792
913 851
552 889
341 873
90 254
511 583
897 21
976 770
362 429
307 646
8 428
742 937
759 297
414 438
729 578
771 867
331 736
859 835
381 140
705 899
832 32
890 417
94 114
136 450
775 668
49 642
600 17
378 297
207 320
9 85
971 4
364 386
635 741
5 740
852 943
500 846
473 288
982 712
499 320
563 30
606 73
478 131
137 959
503 671
7 418
411 405
109 7
950 693
585 542
865 387
487 253
611 296
191 849
653 443
156 760
501 66
804 809
831 933
53 708
825 882
442 546
260 622
561 436
893 442
649 487
22 138
230 808
602 688
59 552
883 509
990 83
557 994
665 251
235 406
178 226
531 72
555 122
41 905
850 169
298 218
491 885
78 909
370 177
732 800
670 836
104 739
133 533
984 871
948 634
390 783
652 647
731 386
974 307
522 21
236 910
502 105
995 359
423 801
872 361
680 909
239 533
118 33
812 171
259 425
246 362
620 373
616 360
949 397
19 599
144 543
988 253
756 323
627 146
789 101
813 153
586 31
441 482
504 803
820 879
577 542
628 363
263 5
991 648
242 415
121 533
455 263
186 768
692 782
150 637
79 144
240 669
