1500 1499
268 160
791 268
526 268
622 526
963 791
324 526
227 324
1322 227
559 160
165 559
109 963
153 268
1351 268
102 153
1001 526
343 268
579 1351
199 324
911 1322
904 153
404 911
310 165
4 559
1285 404
185 559
802 963
595 109
1494 199
1349 1285
760 153
704 185
606 109
1449 579
746 4
854 4
687 1322
1392 622
1275 622
1323 1494
1120 310
1298 109
775 622
873 4
950 165
613 1275
1214 802
1481 622
655 802
868 802
312 655
190 1449
1138 904
857 613
822 963
1342 868
1397 613
517 1351
733 102
1340 963
1225 1323
1406 622
316 854
1192 704
1019 579
1301 102
194 775
1294 868
1226 1392
596 606
363 310
144 613
948 227
170 1323
823 1481
1262 153
53 517
953 199
908 687
708 733
884 746
401 655
774 1494
585 109
1034 595
116 1298
1405 904
1450 948
30 622
1248 1351
653 559
284 1449
738 948
1199 190
496 1449
1272 823
136 153
614 1494
880 579
287 1405
1005 53
1031 595
1073 144
1227 1214
640 1073
1125 775
354 1214
624 136
631 116
1012 596
1043 404
536 1005
290 170
824 1285
1186 631
1420 116
1362 904
1411 144
833 1342
1409 30
809 190
1158 1494
892 227
633 704
150 354
929 653
236 1409
1304 160
391 1034
1240 929
603 185
1452 1298
1088 1420
1302 284
1258 802
736 640
990 324
70 136
820 1258
371 70
1365 310
1038 820
862 227
849 1275
192 595
1177 1351
1447 1125
1132 1285
73 950
980 953
1463 160
1222 1073
1385 579
1126 354
654 1019
315 622
274 1226
574 116
1067 1225
1148 526
164 579
591 708
891 736
1263 1351
634 310
234 823
1373 316
1190 1138
938 631
907 614
1374 1365
402 1226
600 391
146 290
937 1088
309 324
1055 1192
509 30
432 585
1377 907
900 937
218 192
1268 1258
262 862
743 585
638 190
69 653
1013 1301
957 146
1061 496
609 929
1495 1385
813 309
133 1012
459 1034
360 1190
626 904
1234 1061
356 1411
92 907
1231 150
155 509
313 873
1466 496
221 401
667 1031
1364 284
1170 624
766 234
657 820
334 1374
1423 603
276 655
1369 704
1166 1494
1048 343
1300 1481
1171 1258
442 736
98 1125
1354 155
95 892
558 160
1259 766
702 892
1057 1405
1189 1001
1287 70
943 595
1404 1494
1174 1067
1310 953
1091 334
1458 1285
1040 1262
662 227
941 1040
1056 1385
1488 1304
956 941
49 432
358 614
1103 1073
867 640
463 990
331 170
1368 1166
8 1301
996 743
457 746
962 1171
664 591
278 1038
753 185
901 953
923 1449
1223 153
909 192
293 654
936 1310
751 371
1499 911
169 1300
1474 634
1255 1287
382 662
1202 1019
1334 1148
67 526
1341 824
556 1190
527 136
722 614
90 517
553 1458
795 1397
375 1323
717 937
918 1248
531 559
1352 278
789 1304
1437 722
198 343
856 1043
959 923
1395 1120
607 1073
966 1411
443 1199
973 585
420 92
737 891
550 457
188 1073
1328 938
1438 136
522 170
1427 868
498 343
913 937
1330 293
742 631
1085 1223
999 1199
706 849
1112 1272
793 966
1128 194
1271 574
1007 737
1023 527
145 733
483 236
697 1005
410 753
1432 722
906 1330
1157 363
1430 1488
232 736
757 743
749 1474
1443 1272
184 1199
226 420
730 1352
669 316
1244 401
812 1132
1129 354
466 1342
588 950
611 90
1159 136
555 1007
1282 706
1053 743
36 1323
1290 268
307 1190
38 70
646 1129
14 278
800 962
851 708
917 1263
894 909
361 190
20 232
288 1287
666 169
1436 145
10 757
1441 1285
63 579
321 948
1070 20
984 218
23 116
807 884
958 757
748 313
450 802
1002 873
641 1334
1105 923
1486 1328
944 791
571 109
1313 634
636 555
658 1248
35 184
478 1225
1428 944
486 49
1291 153
355 1263
1380 1495
1269 443
497 595
1008 708
435 1258
366 1409
1375 227
886 343
1274 833
563 1411
386 102
1332 730
1049 555
1361 1486
890 591
1309 1499
191 1262
1308 1287
1113 854
659 1125
245 354
1027 1411
1197 355
898 558
794 1171
1493 633
495 774
25 188
214 1420
1090 184
45 891
593 813
347 911
707 1034
881 53
422 938
417 900
1480 361
979 443
273 1248
451 1170
60 634
485 498
1333 382
244 60
1251 483
270 1262
103 1023
13 103
645 1251
727 906
869 1463
94 315
533 1105
1382 1309
1037 1441
547 1380
700 184
525 1397
871 49
806 190
96 1330
126 1341
419 588
934 1105
627 613
1343 1170
816 312
992 288
263 1481
374 611
257 214
975 417
761 547
243 1037
927 653
1292 190
1459 849
684 890
52 1043
1321 284
395 1248
673 614
215 748
1326 1463
427 749
314 1170
1331 1128
181 595
471 1240
453 316
1460 795
952 550
1082 354
461 704
670 1061
503 10
469 1248
769 1300
156 334
372 1282
1059 1067
295 1053
1153 395
413 526
998 10
756 262
1133 245
105 278
100 743
79 707
251 284
741 144
1260 1341
1484 443
317 144
261 794
616 361
1429 791
872 595
239 1067
254 1272
1165 1285
542 156
740 1294
112 527
1424 1488
349 979
114 687
231 1458
621 401
1247 851
195 717
1477 73
1363 1334
5 702
945 1263
940 1040
847 1300
599 1186
1072 1447
230 980
196 653
982 1486
837 697
1219 495
647 1043
810 1189
1344 25
303 190
83 469
1338 347
440 1129
759 1452
660 73
325 1037
703 687
294 419
1434 703
528 1460
1422 571
1080 1226
436 1291
689 673
1445 542
763 314
714 789
480 355
1130 375
1276 1480
129 314
777 742
125 360
1264 1019
1468 881
672 170
141 1120
680 733
865 1271
75 717
247 401
378 1251
1228 634
1212 1159
405 1466
1295 1427
1075 984
487 1368
1238 1295
489 469
1266 760
1069 1043
186 700
939 75
1233 646
444 984
767 185
726 410
6 1128
66 743
161 966
701 923
715 36
762 1294
721 195
286 531
1476 684
877 1126
64 401
1389 638
1149 1340
1076 126
781 1330
1270 1177
681 892
964 990
1367 647
1479 1499
552 20
128 14
1074 1484
1024 144
540 636
77 1126
594 633
1087 1295
39 761
758 1082
135 155
447 726
716 1112
143 295
776 621
1401 616
492 884
915 1499
42 633
166 1428
718 116
797 1264
1399 1466
65 638
441 1313
692 1484
773 375
9 773
337 869
1010 1240
1068 251
1217 420
889 94
74 60
1044 1034
569 789
676 1291
765 402
1077 38
472 1238
1121 1074
1370 230
473 1341
1208 324
476 1477
818 757
475 531
755 595
425 660
1156 443
1462 325
1122 70
202 166
1150 998
1283 417
330 891
790 1255
346 1024
301 1420
506 1031
696 453
414 756
1336 476
551 1126
407 636
327 1073
370 317
1396 1238
968 1234
71 765
106 980
549 666
997 776
511 1087
228 789
565 1272
384 906
11 427
893 833
671 1404
229 1170
1083 1125
518 374
505 1352
369 591
1127 1258
608 962
493 603
544 633
515 135
960 228
772 1049
1147 767
329 495
639 374
787 1474
1293 324
332 1344
587 918
1280 358
1025 329
1003 1019
1029 96
691 321
269 284
209 278
305 1053
932 1354
437 718
1151 1484
32 1197
203 354
86 824
1098 1130
695 1228
249 707
1230 45
589 1038
1115 1365
520 463
1353 1343
1465 287
418 948
1152 1338
15 8
1372 249
122 497
163 443
205 1226
853 1151
68 1270
296 475
1092 953
1329 106
1242 939
121 1364
225 927
524 349
625 593
583 1202
200 927
698 599
888 234
1020 1342
535 1057
283 524
993 1077
1400 284
56 231
713 75
267 225
409 886
967 740
1210 654
89 1406
1095 121
62 613
351 316
34 1380
1371 198
491 230
393 549
253 1233
1446 867
464 634
388 1128
1379 542
1041 676
499 409
732 286
297 355
977 185
212 378
1028 794
336 1234
1421 432
173 708
1191 726
1489 493
1185 295
788 820
1136 1034
183 877
460 83
113 116
897 420
612 1334
119 595
817 742
1483 200
233 370
1431 1399
819 483
1014 466
44 173
1198 1126
1201 75
910 990
675 1411
54 395
80 35
1114 1049
373 1130
379 1271
465 200
37 270
438 1362
863 1080
1216 1053
1319 309
282 109
1464 343
1229 599
494 1023
1124 707
127 704
1387 952
482 413
610 1129
50 95
258 531
785 440
1455 418
255 343
140 1177
983 349
490 200
345 733
864 621
783 1074
1325 1130
118 95
1492 819
426 461
543 73
1058 1028
1119 936
1391 1171
1146 960
390 1185
663 303
187 113
1356 75
514 239
858 190
879 611
1388 1165
725 1255
207 486
252 654
1471 363
1107 982
308 440
1143 1371
512 622
1393 917
1004 121
452 249
242 1034
182 1092
1394 361
1179 765
829 589
720 1468
1030 1119
920 743
1337 611
298 695
1207 1010
1414 1092
988 1008
171 1151
792 287
832 1083
147 74
784 1274
1052 1034
27 1319
981 1365
396 495
1410 1290
1442 303
1350 894
734 1436
686 144
866 472
57 681
935 435
1193 1275
1137 525
168 589
367 6
302 465
602 1083
798 249
1288 1374
513 498
642 1165
246 1098
216 296
1215 654
241 865
848 1008
0 708
323 1129
510 696
545 483
875 80
1142 171
839 751
764 1331
1384 1153
1412 957
123 1291
916 1333
174 1430
256 1397
389 1010
300 432
470 979
151 1190
1176 1379
859 129
1022 999
674 536
615 79
643 1262
1257 1263
557 15
299 904
1086 226
1015 1001
333 702
111 708
1284 574
1335 1056
1093 881
285 1486
846 143
400 755
1407 794
1131 634
364 940
415 273
434 407
1213 894
1047 372
584 153
1327 514
538 979
1160 168
1188 890
138 697
1064 50
1448 607
804 363
1051 27
1306 379
1408 794
81 588
266 996
770 960
1355 1124
178 1208
744 69
326 77
1196 1255
928 892
1498 325
801 1272
1155 1477
311 262
421 1222
488 1388
1253 356
1026 118
1316 1427
895 1462
1096 525
1117 15
455 422
446 583
808 671
735 8
504 606
688 1282
131 789
827 1404
275 688
830 116
605 886
462 807
931 496
1183 418
635 1052
43 1229
1167 336
711 453
1461 783
28 37
1200 317
428 1499
406 1091
1402 1208
359 221
843 667
678 171
1453 15
1175 1326
137 809
88 446
1357 583
1211 463
24 402
1317 88
530 1083
1184 493
59 1126
970 359
1444 920
306 207
1419 1025
575 169
814 1268
84 1015
238 1437
780 482
677 486
197 1213
580 364
1218 550
1145 103
1491 931
831 1464
124 599
362 932
562 1266
870 697
1311 862
546 559
876 1356
1348 706
1475 88
1390 1024
1168 621
1123 233
942 759
771 35
1485 1257
271 1015
108 1354
690 1334
750 1422
850 1242
1097 497
1169 1464
277 588
152 1077
259 788
723 718
855 1251
902 979
573 1365
97 1176
919 780
1046 787
72 557
1036 1257
799 1240
93 1452
1006 1483
280 1208
380 606
424 1183
796 1046
1094 81
1267 89
652 827
399 123
1164 1342
179 654
951 737
532 459
433 1458
1435 114
576 150
1261 817
1417 711
1050 839
1108 407
882 849
58 1108
632 168
167 1276
1187 675
529 1331
403 756
946 1164
1296 1340
782 164
289 1010
320 490
623 1494
365 594
637 1072
1104 1090
318 190
1084 1158
139 369
731 417
394 1192
176 307
130 93
661 675
449 812
1457 639
91 706
7 996
1035 608
82 1149
930 677
328 1421
925 190
508 1051
458 1429
322 414
620 1201
835 1126
224 1085
502 489
519 867
991 1107
47 702
1206 547
1496 286
1000 1127
1467 774
1383 67
597 491
1312 442
1045 224
107 1176
51 1105
1063 476
423 784
387 351
564 309
668 690
874 620
1066 1484
1195 287
778 615
1497 1390
484 486
899 1024
12 602
159 333
1224 1090
1079 407
1386 1132
22 1329
348 608
507 38
972 1272
803 536
845 906
604 1166
180 657
887 318
912 1103
1487 1073
1339 221
1017 65
554 461
1033 557
1016 1197
1433 1474
534 163
1173 631
1490 449
416 817
1281 460
445 230
1246 775
1241 112
104 1244
19 176
1116 139
1403 461
204 895
1381 1270
618 155
1305 1122
560 1285
291 1125
1314 1058
1162 303
1358 1129
468 255
1221 940
521 5
1250 371
1178 1372
1418 1213
786 992
456 713
142 1162
1021 1487
342 731
55 1240
1469 913
541 673
148 58
568 243
739 287
1060 171
629 1114
397 93
1009 407
1054 1433
1110 736
1286 1436
548 246
335 1016
1135 1026
1245 843
896 1255
1359 527
693 1438
1109 435
539 58
1478 1368
1236 1460
110 116
1273 1384
921 503
1482 1449
240 410
971 426
264 498
840 426
411 218
834 1292
995 406
752 520
1181 170
745 908
1456 288
1163 1496
21 1288
617 1255
650 451
924 1311
2 642
1378 245
250 641
1318 1487
1101 64
805 460
679 44
41 1104
523 517
768 1163
903 1096
377 1421
656 689
1011 766
1161 71
933 253
1303 1341
1 1305
1118 1479
1289 1445
648 79
926 104
115 69
1078 714
265 354
220 207
705 738
154 714
1203 1251
842 386
572 1076
1439 1230
694 303
48 349
223 782
1032 433
353 886
1451 1383
175 1404
1299 698
1376 546
878 1010
828 526
17 607
1279 360
1440 701
989 62
1141 756
1425 549
1111 991
1278 1478
1081 679
352 595
281 419
860 215
986 323
439 1228
1237 1169
132 1336
1194 449
590 1434
392 322
46 688
1062 928
260 468
448 1386
158 41
481 98
821 552
954 932
237 565
339 1327
248 188
1071 800
1366 483
501 1192
1232 1264
344 495
883 1442
1065 502
1039 1285
1018 1032
811 295
341 1349
682 530
1144 1269
1106 4
1416 1318
172 506
1180 553
1239 920
304 1064
467 349
710 1135
1205 433
1100 130
213 894
685 962
598 510
578 1167
699 1073
500 1149
338 1196
383 146
825 948
566 325
210 1457
1154 551
683 858
947 1330
1243 141
582 488
376 1126
1413 39
398 187
1307 1224
177 65
272 1193
408 1352
222 318
1415 42
101 496
651 84
292 363
861 394
1345 775
844 973
779 71
357 1241
381 682
1454 849
1472 297
279 591
905 872
211 1027
987 66
838 1116
431 272
368 888
649 679
619 1486
1470 384
1346 118
1265 1467
577 261
412 893
1347 1061
33 1260
644 490
712 869
189 1190
516 1449
1277 393
724 695
149 1146
134 1255
754 501
217 1309
1360 656
1134 571
965 595
836 1156
18 41
3 428
1204 616
1297 1061
1398 1141
815 332
1140 953
630 1305
747 1060
76 492
61 583
1089 1325
561 977
350 1214
719 196
1324 1201
1473 1258
385 996
78 1302
974 424
1315 69
1182 953
628 1443
1252 164
16 777
994 744
1172 1360
162 127
120 63
1042 525
340 255
479 121
1320 389
826 1067
955 148
85 122
729 1396
1209 173
969 539
567 897
219 1301
193 1050
978 1002
1139 348
477 528
1426 416
1256 865
570 619
601 461
665 113
117 294
26 66
949 705
206 416
430 1375
852 552
87 1140
592 461
985 1010
1220 164
1254 1319
208 263
841 399
201 690
319 909
1249 270
1102 925
474 1377
586 354
29 2
99 1017
31 66
914 244
885 37
537 866
728 814
40 1063
709 483
429 1305
1235 531
157 688
922 152
454 665
235 81
976 53
581 1077
1099 451
961 1127
