500 499
281 343
286 281
199 281
140 343
205 140
389 286
172 281
231 343
276 140
421 389
299 343
204 286
100 204
27 276
453 27
305 199
220 27
463 305
475 286
106 220
219 106
331 299
11 276
300 281
168 276
392 281
404 106
74 205
209 219
326 27
49 100
244 231
250 205
321 100
400 392
407 463
295 276
68 209
277 100
266 220
338 168
233 300
323 231
327 172
9 11
44 250
185 421
232 389
341 220
97 286
180 232
444 299
355 321
14 209
72 299
438 233
175 286
468 185
157 463
275 49
118 343
216 295
155 209
40 49
88 295
12 233
226 244
193 68
280 204
365 199
116 175
258 220
452 116
287 266
20 341
334 286
298 44
488 49
378 438
69 233
58 327
367 438
274 327
210 321
207 280
55 355
408 219
480 185
45 116
139 276
30 365
42 216
494 42
160 250
373 392
437 209
222 475
152 155
415 305
267 415
499 415
402 334
329 415
497 438
29 327
60 152
13 355
464 334
221 42
77 216
270 468
218 355
311 488
7 277
17 400
101 199
110 392
39 231
498 9
75 88
21 74
434 378
440 463
416 45
417 204
317 209
379 331
316 155
476 317
351 218
371 321
235 498
63 341
243 416
31 270
370 250
51 110
92 44
81 499
293 267
353 219
85 55
333 468
360 75
113 155
67 40
80 218
213 232
478 100
291 478
394 438
197 226
123 199
425 55
450 207
114 331
32 444
19 40
479 63
109 316
48 199
120 343
128 329
401 475
37 323
263 31
188 193
283 185
254 351
98 39
439 421
66 168
411 338
35 40
470 389
427 437
3 218
361 323
269 97
84 216
54 188
15 199
171 300
198 464
465 35
95 415
132 231
385 75
129 232
43 20
240 20
390 110
348 317
436 338
486 75
420 116
246 402
419 30
83 274
320 218
296 35
455 425
237 209
441 402
412 296
344 389
336 334
174 168
265 9
443 276
161 286
8 408
86 475
111 343
191 281
115 258
223 42
41 13
6 92
87 407
272 160
0 113
264 425
260 20
391 101
297 412
78 344
369 470
93 12
330 78
150 476
383 343
47 100
322 30
380 223
354 41
356 222
397 246
122 343
357 380
414 191
332 397
5 81
304 69
148 419
137 283
457 13
147 244
2 43
477 42
50 32
33 174
189 311
372 197
4 12
451 69
184 148
362 63
387 191
384 172
435 404
239 152
489 12
462 157
340 161
89 40
268 295
65 329
195 367
374 380
483 14
445 437
423 270
491 390
126 168
495 180
493 113
301 494
26 332
36 221
230 340
315 423
288 483
181 9
442 400
271 331
363 210
16 311
234 14
1 439
245 295
310 468
424 128
313 363
328 423
413 216
325 78
289 54
53 27
23 475
377 270
131 420
38 401
124 100
482 246
91 478
133 150
466 415
206 450
318 442
25 17
422 175
62 336
410 13
156 435
396 120
56 226
262 452
71 65
447 336
217 355
169 326
224 313
153 80
173 310
162 122
208 328
166 413
418 114
490 37
249 394
284 497
136 396
409 390
253 254
190 291
201 277
73 301
59 264
125 365
282 47
163 298
212 233
290 493
182 377
359 115
399 163
211 281
228 199
251 163
24 235
347 396
64 272
146 188
170 66
164 49
278 152
487 11
159 50
342 36
496 422
57 355
145 228
432 408
241 1
485 313
177 452
186 207
192 73
456 468
492 344
426 272
225 41
312 266
134 87
215 240
279 100
428 6
406 184
345 180
108 44
257 126
107 313
187 466
335 487
484 488
82 110
306 134
446 257
405 272
366 416
61 78
364 98
395 321
135 323
461 492
154 389
105 266
319 211
473 354
18 217
393 4
194 394
248 53
10 293
375 251
314 304
179 189
144 434
430 197
158 494
458 343
202 25
214 415
22 175
467 428
104 168
90 410
238 43
339 210
449 239
117 414
294 338
28 171
273 365
381 123
350 210
252 235
256 491
183 159
200 248
352 12
247 80
474 88
34 17
94 247
431 319
178 334
429 5
307 154
176 6
141 476
196 243
433 434
143 63
103 455
292 291
454 125
130 16
285 34
460 162
121 330
102 100
79 497
52 298
76 441
403 483
382 468
99 491
398 433
96 437
324 20
349 157
337 220
259 317
227 445
229 290
149 237
242 58
167 177
386 187
469 92
459 317
261 9
346 114
236 300
255 102
165 75
376 374
448 126
481 38
112 224
138 437
303 257
308 485
127 118
70 493
309 380
302 50
368 413
151 485
142 215
203 122
471 431
119 172
472 87
358 206
388 224
46 325
