2000 1999
842 676
1733 676
1871 676
982 1733
1201 982
789 1201
1386 1201
1281 1201
100 982
369 1281
337 1386
1227 676
1754 982
1158 676
1164 1158
245 1871
611 789
329 1281
1074 1227
1107 1733
652 245
1410 1201
1435 100
1553 982
1803 1227
1554 676
242 329
1415 1733
200 245
1936 1553
1942 1281
717 1942
1076 1201
1230 337
1971 1435
300 1201
1121 369
748 1201
1576 1281
1122 300
1234 1201
352 1107
1485 1386
1880 789
820 1164
110 611
1233 1754
1380 1233
1165 1158
1987 100
704 1485
1965 337
1961 329
88 1121
445 369
1439 1281
917 300
1637 1380
197 1158
1310 352
338 1165
1672 1971
983 100
374 1230
1476 820
1526 1122
1186 200
1966 245
198 1227
1506 1122
1824 245
763 200
1937 1230
1556 1476
142 1281
616 1107
187 242
51 789
1253 1158
1898 338
1728 1380
971 1754
940 369
1897 616
1629 1937
49 1576
1228 1629
1892 717
915 1803
1771 300
309 763
654 1897
961 1637
60 198
1160 1771
311 338
1486 1871
324 820
668 1121
174 1122
1886 1201
578 369
1740 1886
885 198
1425 309
673 309
63 1965
714 1476
1114 1886
319 714
1845 717
1717 1476
1017 63
178 309
414 885
440 1122
166 1234
1293 1114
745 1824
1772 983
568 1293
1370 1165
1205 842
59 1253
1287 982
740 1310
1138 971
1194 1160
1611 1233
513 88
1861 174
600 748
900 971
44 1861
1682 717
1042 1936
1286 1942
781 1971
1678 781
923 1611
1825 1286
1617 242
1137 1107
1154 704
1711 311
266 1824
293 885
1299 1194
553 1310
1445 1160
1200 1965
875 1165
1829 1937
1115 745
1614 1829
903 748
0 1971
1744 1637
1052 1942
609 319
1413 174
1374 1380
308 1740
852 414
1395 1158
1787 1476
980 1880
3 903
1842 980
995 1880
1012 1200
1323 1370
1361 1386
316 1158
829 1987
1507 1435
150 1486
209 1892
201 200
1692 201
1852 1965
1016 1233
1422 59
74 1576
531 900
359 352
486 1711
506 100
867 44
1768 1234
1041 1754
214 1576
505 1485
1467 609
1000 717
675 316
354 867
378 60
1578 1230
1296 150
1402 352
397 1965
1113 940
882 1164
305 513
483 88
1265 1754
556 352
221 1682
216 1265
973 1936
634 875
618 319
1018 74
282 1852
1264 1614
1938 1422
238 1772
677 1114
56 60
1284 1281
1500 311
540 150
387 354
314 1852
1030 1041
1709 1370
778 717
719 1323
732 1233
1094 732
838 556
125 732
1008 675
113 983
1067 88
1996 282
559 187
1378 820
509 1395
9 1617
899 1578
598 445
458 387
1802 673
468 652
467 781
512 316
700 59
1069 598
1401 1253
928 652
979 732
1242 1682
1421 305
1758 88
1839 1265
453 1265
1408 763
1493 618
422 293
966 1361
1038 1803
114 467
590 1682
1917 829
1259 1754
823 1965
1260 282
163 875
1305 917
478 652
232 1230
1550 1000
595 971
1306 1242
547 1852
1732 1323
1773 578
790 201
1097 178
1427 1886
303 125
639 1310
1112 1937
19 1754
1288 717
624 369
1766 1897
1855 1824
263 1611
1997 1966
649 19
1028 1852
1931 995
573 1115
101 882
555 979
476 649
1932 101
869 483
1846 1288
1801 1370
1418 303
473 1069
1956 1931
1320 509
392 668
1738 174
1776 1041
1815 1611
42 1041
1355 1296
1337 1097
430 1801
773 1028
1407 338
106 1306
1511 1768
1748 1996
1371 458
1261 1852
987 578
549 1076
485 1264
1687 1370
1240 1074
1521 618
1681 113
75 214
1891 1154
433 1374
61 1511
1780 1410
1973 74
969 556
947 1233
1699 1041
1602 1845
1826 214
491 142
219 1415
1159 1395
638 1415
1834 1320
567 1401
1767 1772
1393 1711
1013 1008
1014 113
205 308
251 1159
1560 668
295 468
1474 369
286 512
1405 1932
1212 1410
672 1402
344 113
1863 987
621 1234
603 1766
199 303
594 1227
447 773
1464 1855
389 286
1777 1159
895 263
604 885
350 1467
1497 1773
948 1526
1763 982
192 600
1751 142
1583 1897
657 556
1498 242
1662 1038
315 205
190 1826
1459 1754
851 422
1180 1008
244 60
970 1942
1004 1997
459 704
69 63
1591 337
857 714
1271 1427
1655 1439
1224 559
252 781
812 857
683 1230
413 1493
1762 1937
5 198
862 309
1915 1107
596 595
226 1740
371 110
1139 1264
1111 875
636 1497
958 1553
770 652
828 476
1344 505
1531 1863
351 1732
689 1845
1118 700
1144 359
536 567
589 486
1975 745
12 1748
95 1996
1636 1094
711 1281
1690 1861
1029 1113
1689 763
1119 1378
1613 200
448 1966
1432 1028
753 609
1325 106
1176 209
158 174
723 594
1365 1418
628 158
297 1892
1700 1201
1756 1996
285 1405
1376 1655
1098 1839
734 174
1790 350
1854 245
694 616
368 315
1750 61
1823 1439
1893 1617
1010 982
959 983
109 851
516 553
1433 142
1503 476
1471 1413
935 1265
347 781
631 1259
1798 214
941 1194
945 1012
1032 1305
39 714
65 717
1153 387
270 789
1919 1186
1597 600
1229 1242
698 448
1810 445
908 1717
47 75
365 1030
1609 971
1549 624
1677 232
1141 657
1086 1629
330 344
320 1717
844 631
1059 844
727 867
780 1823
323 1777
502 369
1685 1201
815 1265
664 158
725 506
388 1325
146 61
78 1013
742 1004
1876 1154
743 458
1536 315
1910 1773
206 316
1357 590
891 1265
1317 673
1226 598
48 1194
1262 1471
1083 745
229 513
1989 320
1571 1413
362 1018
1142 1738
1742 1008
1902 1138
849 1014
1792 1122
213 745
1951 1374
32 1687
1327 1826
203 567
264 941
215 903
872 266
356 51
1708 596
1031 1186
296 1405
1170 1234
749 47
1524 1327
1152 719
1601 1766
1172 266
1073 468
135 595
1888 983
785 1226
348 1408
1705 672
1544 1115
662 1556
1211 1861
1603 725
551 945
481 717
40 1550
23 1861
735 1855
185 1474
1943 1823
25 1076
276 1464
1857 1758
606 453
160 1738
663 882
235 1685
1267 1689
799 1018
1568 1337
953 1560
615 174
96 1677
874 1772
1124 852
1169 285
269 263
1634 1323
31 481
17 609
850 1792
196 1170
1020 1234
950 1160
866 1521
1661 1031
1082 596
1860 185
984 961
1321 44
123 549
211 1122
1794 984
688 1773
975 1802
1657 276
1712 1637
721 1281
1853 113
1525 923
1782 216
1385 953
112 1973
660 198
127 1031
1347 1118
538 1410
670 1776
1993 413
1330 1798
669 749
1235 982
819 727
105 206
1621 347
1133 1549
385 387
897 1989
1221 749
1456 743
989 1549
70 1801
1953 1629
176 1536
564 23
1833 1772
1580 1121
1899 1636
1725 531
1889 1996
7 74
1698 422
1774 303
1795 604
582 1031
1743 1194
1830 700
82 664
896 1744
1640 815
384 1402
562 1792
223 903
334 1830
1584 276
1490 1576
865 677
1814 385
1862 1076
204 857
1336 329
768 369
117 1553
377 773
1021 1321
1745 49
1644 1233
1048 896
1064 242
774 348
134 600
1123 900
515 368
1379 351
821 422
1470 1357
1329 704
1367 1614
1447 59
889 334
349 1826
262 1139
1070 989
148 1634
1015 1966
1209 252
81 263
1542 1989
321 1378
1132 562
444 506
1182 1015
27 251
644 223
1927 385
1312 1762
552 844
1627 852
988 790
1105 564
64 1317
1307 1782
921 582
525 17
1390 117
1585 1690
978 1823
1134 618
1707 81
1665 1310
1431 819
1245 1830
1952 966
710 1323
1181 1733
342 459
38 745
1302 1028
1446 142
438 611
94 329
181 1830
934 321
887 1194
1037 96
1534 984
1911 1405
1241 1357
1383 1845
1466 244
1896 1614
228 413
1338 1893
786 1471
972 1536
584 270
728 385
1207 660
493 815
707 748
437 1591
1587 728
751 1860
275 264
1093 1810
1650 1852
1197 94
1213 1464
557 1485
336 1395
840 1830
16 978
1960 1376
1714 200
544 1814
580 1486
189 621
1309 780
1939 1542
832 1405
1276 148
629 1367
755 677
1448 935
520 664
454 975
1278 344
571 832
998 551
622 1845
66 347
45 374
1298 1367
523 1640
1455 1661
642 516
395 47
1998 1644
787 197
646 840
1710 389
1816 1689
570 1093
243 203
1363 1361
1050 362
376 316
776 1170
1451 1762
784 657
762 12
165 940
479 1154
764 866
605 1951
428 1776
760 596
1333 1762
665 646
527 828
643 723
779 1119
1781 1169
367 509
1434 1386
521 47
597 485
1648 1845
1157 1833
1436 491
1156 1119
943 1951
1588 1714
808 1915
318 820
803 1748
1671 219
122 1124
1341 1261
1204 1544
1174 1650
1514 828
497 852
1311 263
626 1621
824 1448
475 1224
1623 1544
952 823
619 1132
1925 392
526 16
693 531
236 657
464 1432
423 889
586 657
1724 971
1980 513
230 723
1203 1474
68 688
696 1571
126 385
477 192
277 1531
1757 597
1933 1337
1103 643
1339 1661
29 397
1836 1768
1295 1485
1462 1293
898 677
1647 665
511 1939
706 704
1348 760
532 1295
1865 961
1656 270
345 970
1266 869
907 1534
34 899
1034 1018
1237 1614
938 663
58 1433
380 376
426 1583
1151 174
1858 17
691 1629
294 677
80 789
919 367
1477 1124
1301 215
1102 163
1140 1103
756 244
788 1245
1974 1829
79 392
1297 1767
1217 1151
577 1097
726 42
271 604
227 865
1499 477
705 903
868 433
1478 1621
1469 300
684 1671
1350 670
1045 336
1940 1973
933 1425
1269 1016
976 582
180 201
6 790
1520 790
1900 1647
1616 44
747 1833
431 1802
878 1825
1003 1824
623 646
256 1200
161 940
993 1134
1279 1333
299 198
1850 299
1543 676
1706 1261
801 1309
1404 1500
1364 78
1326 1682
1110 832
1533 662
870 1233
1166 907
1947 1533
554 512
793 1235
379 975
1394 1733
129 1276
257 609
1208 185
1796 1681
1381 578
381 142
1054 711
500 428
84 1560
1994 582
1403 1271
1976 1915
488 1852
503 387
528 305
1926 1503
103 359
730 483
366 788
1268 874
43 568
10 1763
1530 1157
375 1650
119 1490
909 1383
1460 1447
170 1952
1210 354
535 832
132 1656
489 384
1116 669
795 69
955 748
115 209
674 988
1080 79
1837 1478
281 1153
1885 1892
1992 995
1783 915
1117 1293
1047 689
1684 1714
495 1052
91 735
588 531
1254 190
1458 1850
720 1863
1582 1299
931 941
729 464
841 790
1909 1159
1596 60
1247 342
1788 1896
169 88
469 502
1715 1370
1089 1939
195 1685
1218 728
680 568
1680 1767
183 1348
1199 500
85 1172
1612 1798
152 1939
1096 1041
1360 1973
965 555
182 1093
883 1139
1324 275
335 1634
1628 448
484 1170
1718 1410
1414 1237
52 1768
136 1830
1274 1229
259 1801
1592 1971
424 1998
1838 966
1423 1681
769 1016
1206 1016
1292 1762
1872 438
1566 677
1085 178
419 190
845 1327
461 10
147 464
1729 1621
1161 1511
1120 735
1424 1176
722 953
686 965
1551 1407
407 1616
1539 136
1162 631
1608 631
167 80
1056 1961
1564 1337
111 1339
1249 1240
685 1207
1569 1998
1066 166
964 366
86 536
90 66
759 1493
1615 773
416 1854
702 1181
620 1402
425 808
1573 1070
1820 896
1630 1836
1667 1271
116 95
498 595
817 1911
171 594
859 259
1068 17
248 706
1044 1325
1346 223
650 211
904 223
924 845
472 740
1358 320
1373 1926
191 176
1179 82
1362 812
21 883
1223 556
1548 1410
383 1644
1922 1533
1577 1897
1598 1333
326 1698
1400 973
514 899
1039 296
1670 1940
1832 1889
1890 1583
292 815
709 1766
1793 1341
1252 1292
1239 1474
593 242
1959 38
912 1915
496 1074
55 47
960 1602
625 1174
1721 1846
1808 7
1870 674
994 636
930 1408
1504 1829
766 1096
1308 952
1397 1445
1290 1305
1990 1825
1126 448
1978 1825
1202 1665
287 589
364 52
839 768
1036 342
913 1317
1916 189
1848 1680
879 1118
805 1829
1923 909
231 174
627 1657
1844 1166
301 1718
1196 1336
1236 1229
1970 297
168 638
1198 611
813 1174
159 1269
408 94
261 502
1811 1526
1473 1321
247 650
393 844
1053 326
343 664
522 1682
284 760
1632 760
1532 1568
1453 1307
1864 70
1518 878
1618 1309
1135 857
1250 0
1359 626
1505 1348
1391 1889
474 726
1087 1158
1062 461
1920 1121
1392 1615
1694 1636
400 1249
1382 840
1291 704
149 68
761 423
1399 1459
775 1485
733 1126
550 785
1328 215
1881 891
718 663
1060 1724
647 1133
449 1445
876 445
855 1763
783 928
1513 1780
452 16
804 356
1720 778
1574 1453
89 665
1535 1771
1145 733
1668 213
313 1885
1375 1740
162 1253
854 1587
1561 869
1248 1498
863 117
77 611
1570 248
713 201
1950 481
1368 1550
1955 817
1645 1524
1722 1848
951 842
434 567
651 1124
1275 783
36 110
298 1896
13 839
1127 1265
1494 1116
914 170
441 106
179 1000
1878 993
561 1970
678 1525
18 1632
265 270
1090 883
1683 1685
558 668
925 1180
701 940
1675 899
1 489
450 1460
1935 1394
543 1998
1555 294
1387 1053
1702 1553
406 1922
796 516
744 40
208 1380
35 110
1719 1580
661 536
1187 650
1835 1580
977 557
164 1451
11 1448
1369 1031
1244 55
446 1549
608 1738
695 1032
1982 441
1736 1082
1652 1090
1442 1661
599 453
399 1536
499 568
24 616
1691 1645
1695 1835
1679 838
1817 1754
1523 336
932 625
1884 197
1188 275
1563 1629
1285 1166
1575 1892
518 1885
1589 499
1991 1890
1489 248
637 573
916 1015
1882 136
184 1878
1658 803
641 1931
587 399
417 1445
1058 1698
1727 823
1272 351
1988 123
846 1513
173 292
1232 1068
193 1370
1353 509
1389 1275
999 407
339 1120
610 714
834 1772
1749 1232
1828 1937
1804 1115
1484 43
708 672
927 335
494 669
791 1156
752 491
224 1123
1866 1369
1918 6
563 1556
826 245
1465 362
1231 1408
1128 1923
843 1952
1092 1690
510 1200
614 776
108 742
1607 380
1649 503
836 1749
1192 1451
560 337
1372 264
1697 117
156 1039
1999 467
218 1320
1178 1044
131 1790
1429 573
155 1715
822 1636
1510 625
1753 1973
541 933
273 1439
1701 709
1025 413
460 1133
886 1566
736 1390
1968 474
137 940
1979 1160
1334 923
1075 52
1009 19
1077 11
1023 931
240 1407
72 136
939 839
569 705
272 651
225 1629
579 397
508 298
363 1911
537 1093
1019 1712
1770 1955
427 1266
1195 1637
534 515
340 9
890 569
325 1410
1581 960
767 734
929 1439
1635 105
76 1010
991 1658
782 1561
1914 1062
1752 604
1457 1518
128 1715
990 768
212 1736
1541 301
1654 438
139 117
1081 423
724 1126
429 1863
1173 1361
1664 1422
241 896
902 49
289 48
981 677
1109 569
648 919
290 77
1921 70
802 1569
682 650
332 604
765 294
1528 869
1216 1470
1868 813
1444 751
1809 1772
906 226
946 1844
1155 1773
529 1039
1419 1030
617 1010
83 114
465 998
288 1456
1894 215
1238 564
699 453
807 1119
601 1202
957 1187
2 946
920 1119
1063 1551
151 1835
1791 1748
1057 914
1908 1611
20 1675
1907 1309
412 1429
1183 301
1622 876
268 503
825 555
175 859
143 290
1417 429
237 1471
373 311
92 61
402 196
640 557
1789 450
1595 1386
46 851
443 428
398 987
1340 1672
1726 522
533 17
1426 1870
1784 1878
703 88
255 427
1605 951
632 622
1934 1968
954 423
1565 840
827 1931
1901 1271
1638 859
1257 1973
99 1298
1040 562
818 673
317 1943
671 1158
1849 975
797 755
124 1268
1985 1063
1779 1795
996 713
591 1165
837 1792
73 872
420 1093
1879 764
1651 775
480 479
1220 1284
1831 1414
302 1068
1100 1231
1454 541
145 1993
391 619
1759 1389
1061 522
1867 1272
962 1505
1304 248
357 200
1600 682
894 88
1739 349
154 1896
87 189
26 10
1626 87
1033 977
1256 189
1995 1787
1243 147
574 373
1167 951
1887 1561
1924 1707
1191 192
1438 303
1877 200
1294 277
327 1077
1300 1810
1282 1395
1869 371
666 842
1562 44
1440 1711
1289 1330
1035 1932
1065 1289
566 708
418 1647
28 526
1099 257
1342 115
1251 211
1108 1908
1646 932
1335 27
1492 799
1354 1394
1659 126
1545 787
565 1893
404 178
1519 1308
1619 296
811 706
539 284
1215 1363
1527 843
830 680
583 184
1512 339
217 7
280 168
1481 1297
1800 1535
144 912
1723 688
1258 1161
1905 756
1761 502
1502 263
133 1568
1843 356
279 802
731 1297
1104 1258
439 1242
1928 248
630 751
690 1900
985 1172
233 29
1319 1927
1222 1238
739 3
1669 610
482 335
396 1405
1840 732
1006 1699
1755 1311
1964 1739
1610 1028
1981 1324
1280 1543
411 1928
1713 1083
681 799
1483 13
1529 167
1356 1669
548 224
1148 181
333 1347
858 1598
800 557
1693 733
62 124
120 1465
974 1577
57 1679
871 1933
1912 895
1703 78
1822 1200
1468 1324
679 1911
986 1701
466 1344
1954 26
1255 481
14 1483
1778 271
1461 1202
1944 74
1398 775
864 1544
1482 903
1125 271
997 1569
1735 1685
490 1109
1941 1279
456 886
576 495
1411 1924
1643 782
118 1255
524 1401
888 163
1051 745
71 672
880 9
738 867
1557 1975
260 1340
22 578
949 1869
249 1852
1406 681
415 24
1797 502
754 1494
409 955
737 1104
1746 276
361 827
944 72
1769 1544
963 1418
1642 706
1377 83
992 1334
798 64
545 1040
1443 1306
386 832
1977 552
30 711
1847 494
1263 411
1450 5
1522 147
1579 621
1095 334
1345 1695
1072 215
581 550
1625 1128
283 1435
1676 774
370 1072
1538 1220
911 31
1175 1367
1906 1782
1972 178
884 1058
1599 352
157 1432
1696 65
602 1108
1190 271
210 1789
487 437
1193 1561
1084 237
1303 1598
1277 48
310 23
697 505
403 1671
835 1312
877 1872
1827 1448
542 835
1775 1447
274 919
341 991
1716 1985
1786 44
607 872
353 1810
102 1422
1641 453
833 1820
1765 797
312 414
1136 51
1046 297
816 1361
1567 666
645 317
656 1959
777 943
1219 1444
140 1499
1594 1626
1027 1735
1487 1108
432 657
1730 1828
810 649
54 1311
1005 1640
942 357
372 146
1488 319
585 359
1007 532
435 136
613 1092
53 1249
322 1213
881 276
358 524
1963 1145
220 1954
794 1505
1874 1375
1026 281
1430 999
141 151
1322 1052
254 270
757 703
1185 668
546 993
968 1981
1731 1133
1856 1598
1593 341
1501 1174
1001 1933
1785 40
1666 639
246 1617
421 821
222 1287
1851 1779
138 709
1812 835
1088 1613
172 495
304 957
893 528
1799 1153
331 888
1806 1846
1688 71
1022 18
1674 459
267 1141
202 1376
1948 734
1150 25
1246 1829
1428 569
772 364
1895 1200
1416 1430
814 679
355 1369
98 1803
1515 1264
853 1738
1412 1917
291 1924
1332 835
1760 100
1509 287
1273 288
831 1664
8 1740
1813 1649
1349 1197
1343 414
1055 869
572 1885
1586 1407
1818 1335
360 129
1653 1027
937 1613
250 1489
307 734
848 254
741 663
207 1954
1384 1447
1983 1403
1949 1564
1967 1543
716 1050
1984 555
517 1004
1129 1591
471 708
659 711
328 763
967 370
1316 1027
104 1551
390 535
1437 1482
177 151
1171 1044
451 1151
278 1758
936 115
405 1194
1049 1325
1472 1216
1841 1951
1639 866
1747 787
492 222
1734 220
519 865
1807 646
1686 759
1913 893
93 1312
1189 277
1945 81
1024 1666
1011 1132
1903 1434
194 1340
1078 1974
186 1135
1079 781
97 580
1633 1900
1517 788
1441 69
905 536
188 1016
806 1395
1396 1644
901 531
1163 891
1149 1699
1508 1076
918 1972
401 864
258 1230
1143 1049
926 5
1819 493
758 1170
455 1591
1624 1785
1071 1312
306 816
1147 1506
1873 564
463 1011
1904 1763
1314 677
1958 737
1620 1585
1946 578
67 1244
234 580
1130 1915
1479 263
346 152
1146 1854
715 699
655 260
410 476
121 811
653 1254
1313 1669
239 1562
856 113
633 1188
50 644
501 1656
1704 813
692 403
1604 44
1875 595
1663 300
1168 1157
1463 1260
1184 425
1606 1532
575 1070
592 1060
41 407
687 1585
1225 1803
956 942
153 225
507 1784
1452 721
1101 1054
1366 819
1558 1921
15 1885
667 1410
4 1989
1351 1103
1929 546
504 1519
394 15
1962 1585
1764 460
612 661
1572 655
1957 1637
1131 761
530 528
873 1375
1106 797
1283 148
1420 1994
809 800
1409 166
1552 1008
1741 655
1002 802
1546 684
847 1038
1537 1195
1480 808
1352 1564
382 644
861 128
1491 1693
892 1942
1331 1022
1388 1012
107 870
253 954
1315 314
1660 1256
922 1976
910 548
1270 781
470 382
1177 449
1590 1451
1091 1977
1805 487
1540 297
1043 981
1318 23
37 1865
33 1666
1496 719
712 100
1495 1129
792 542
1559 1735
1214 402
130 498
1859 1186
771 59
860 763
1547 42
1821 928
746 1505
635 1656
1930 1409
442 536
750 579
436 1225
462 584
658 1031
1673 912
1516 479
1737 1555
1631 1798
1986 1169
1449 1460
457 1133
1969 498
1475 1640
1883 498
