500 499
0 262
0 17
1 102
1 305
1 398
1 359
2 36
2 246
2 104
3 239
3 60
4 246
5 185
5 347
6 50
6 49
6 10
7 57
8 491
8 186
9 83
10 426
10 347
11 122
11 150
12 215
13 338
13 442
14 59
14 439
15 96
16 175
16 399
17 323
18 84
19 217
19 106
20 230
21 315
21 379
21 274
22 314
23 250
23 375
23 343
24 123
24 213
24 76
25 466
25 435
26 234
26 353
26 66
27 190
27 405
27 342
27 279
28 186
29 367
29 359
29 165
29 294
29 393
30 67
31 62
31 140
32 463
33 141
34 99
35 423
37 307
37 225
37 309
38 112
38 47
39 465
40 272
40 99
40 493
40 460
40 95
41 363
42 453
43 342
44 414
44 457
44 240
45 257
45 302
45 346
46 408
46 468
47 109
47 270
47 377
48 94
49 204
51 493
52 169
52 346
52 275
52 449
53 55
53 431
54 90
56 314
57 271
57 247
58 224
58 274
58 255
60 253
60 421
60 199
61 407
62 297
63 183
63 369
63 484
63 132
64 413
65 189
66 316
66 360
67 401
67 69
67 492
68 198
68 219
69 461
69 227
70 224
71 341
71 311
71 252
72 139
72 446
73 172
73 407
73 104
73 420
74 382
74 289
74 493
75 145
75 223
75 419
76 475
76 335
77 283
77 335
78 186
79 399
79 455
80 92
80 344
80 100
80 376
80 383
80 103
81 280
81 292
82 233
83 141
83 167
84 210
84 456
84 382
85 203
85 142
86 207
87 365
87 385
87 202
88 422
88 450
88 312
89 200
90 480
91 499
92 288
93 286
94 259
94 216
94 482
94 162
95 116
95 428
96 426
97 155
97 250
98 201
99 413
100 126
101 393
102 157
103 215
103 490
103 120
104 174
104 477
105 352
106 243
106 170
107 478
107 445
108 130
108 416
108 373
109 286
110 194
110 151
110 116
111 310
111 432
111 233
111 152
111 354
113 349
114 206
115 187
115 263
115 260
116 131
117 212
117 367
118 242
118 466
119 361
119 138
119 492
119 143
120 419
120 254
121 128
121 247
121 236
123 148
124 187
125 177
126 387
127 158
127 354
127 498
129 196
129 206
129 233
130 415
132 389
132 191
132 282
133 483
134 146
135 345
135 418
135 385
136 340
136 314
137 284
137 301
138 150
140 247
141 429
142 322
142 151
143 244
143 160
144 493
146 392
146 242
147 232
147 296
147 356
147 376
149 454
150 279
152 268
153 333
153 443
154 195
154 306
154 294
156 235
159 384
159 452
159 334
160 295
160 370
161 173
162 401
163 363
163 471
163 239
164 467
165 436
166 186
167 213
168 214
170 235
171 267
171 323
171 477
172 336
173 318
175 487
176 489
176 200
177 320
177 497
178 269
178 404
178 181
178 194
179 390
179 435
179 225
180 337
180 404
181 474
182 339
182 248
184 229
184 488
186 479
186 429
188 308
189 241
191 488
192 303
192 443
192 476
193 349
193 208
197 370
199 225
200 227
201 437
202 255
202 220
203 220
203 347
204 476
205 282
206 226
206 400
207 440
208 492
209 473
211 231
213 319
214 425
216 352
217 473
218 458
218 465
218 280
219 318
221 315
222 377
222 268
223 427
224 358
227 254
228 494
228 469
230 236
230 309
230 499
231 460
234 278
234 348
235 480
235 467
237 428
237 454
238 265
240 410
241 291
243 301
243 313
244 424
245 318
245 459
245 311
248 366
249 350
249 464
249 397
250 265
251 370
251 355
252 493
254 444
256 322
258 317
260 297
261 470
264 339
266 369
269 331
270 281
270 402
270 469
273 361
275 393
276 325
276 350
277 442
279 388
279 447
282 453
282 360
282 496
283 496
285 327
285 443
287 357
289 362
290 336
291 417
291 384
292 459
293 315
294 440
295 298
295 463
295 386
297 446
299 402
300 429
304 425
308 314
309 445
310 329
311 486
311 485
312 353
314 343
314 420
316 397
317 468
317 430
321 326
324 406
326 448
328 434
328 414
330 428
332 430
332 364
333 437
333 451
334 456
335 373
340 438
340 449
341 472
342 455
348 391
349 368
351 488
354 364
355 425
357 426
362 470
366 420
366 386
367 396
371 374
371 439
371 495
371 454
371 473
372 381
372 491
373 460
376 411
378 462
379 433
380 409
383 442
386 403
394 412
395 431
395 425
400 462
406 464
409 480
410 467
410 478
412 476
413 441
419 481
423 492
425 485
428 483
428 497
448 492
476 498
