100 99
17 92
47 92
82 47
88 17
39 47
25 17
7 82
61 39
54 17
1 61
50 47
41 1
74 50
45 17
77 45
71 25
65 25
51 92
97 47
34 54
26 92
69 51
55 82
8 34
11 26
53 69
31 55
84 50
68 84
19 84
22 17
9 25
96 26
56 26
73 17
93 55
76 97
95 17
0 71
94 68
10 94
72 55
83 95
80 47
13 51
18 51
4 17
49 77
36 47
75 13
29 51
3 97
30 83
27 25
99 77
62 99
33 97
28 27
20 47
58 96
86 65
43 82
87 49
5 88
40 51
57 74
78 40
42 34
90 65
46 25
44 78
64 31
16 13
91 30
59 26
52 26
81 83
6 93
35 74
24 46
37 13
2 64
23 75
63 42
79 3
38 36
85 68
21 90
67 13
32 40
15 39
98 77
89 2
66 40
70 86
60 17
14 92
12 14
48 24
